613691
342166
342167
406235
349187
572349
332073
255218
32156
32154
450042
249512
249513
241831
509741
509742
509743
20474
34381
164843
653667
653661
610191
79568
633878
528144
663840
344365
59738
1032
166012
329781
635122
164690
134067
444987
340922
53447
62229
383439
531049
108536
275163
168245
98023
251894
24756
431669
81061
345812
345807
119165
326764
345810
345805
31800
345808
121226
124076
245445
210456
242103
121229
212538
380016
351711
360480
124959
345803
212540
327034
556716
434877
560368
531547
686355
403449
619056
80341
366862
38229
556499
438242
371369
556498
403218
438243
493081
552484
453202
79638
64090
185631
79640
674026
107370
241037
121349
497340
343615
175335
675867
343612
343614
343613
