613690
613691
662162
342166
342167
406235
349187
572349
332073
255218
692782
42202
32156
32154
450042
249512
249513
241831
509741
509742
509743
20474
34381
164843
653667
653661
610191
79568
633878
528144
663840
344365
59738
1032
9903
166012
329781
635122
164690
134067
444987
340922
351284
53447
62229
383439
531049
108536
570274
23536
610451
275163
168245
392841
98023
251894
24756
431669
348285
81061
345812
96760
96759
345807
119165
326764
485978
345810
345805
31800
127864
21680
345808
121226
124076
463050
245445
254821
212539
582031
210456
64091
242103
124960
121229
212538
410384
380016
386453
351711
371096
371097
371101
371100
234523
360480
124959
345803
326730
242000
256127
212540
327034
556716
394300
434877
560368
531547
686355
403449
619056
80341
366862
38229
556499
438242
371369
556498
403218
438243
493081
552484
453202
11729
79638
65514
64090
185631
79640
51645
439637
674026
107370
241037
121349
497340
343615
175335
675867
343612
343614
343613
483325
521985
12662
