337816 0.000 0.440 0.780
337816 0.520 1.080 0.720
337816 1.160 1.720 0.720
337816 1.840 2.440 0.700
337816 2.720 3.320 0.700
337816 3.640 4.200 0.720
207782 0.880 1.520 0.680
207782 1.360 2.040 0.660
207782 1.880 2.520 0.680
207782 2.360 3.000 0.680
207782 2.840 3.520 0.660
410243 0.000 0.520 0.740
239460 0.000 0.360 0.820
239460 1.320 1.920 0.700
84418 0.000 0.400 0.800
84418 0.480 1.080 0.700
419674 0.080 0.680 0.700
419674 2.080 2.720 0.680
649921 0.920 2.030 0.445
210210 1.280 1.840 0.720
330796 0.000 0.440 0.780
330796 1.120 1.720 0.700
379013 0.320 0.960 0.680
379013 1.480 2.120 0.680
379013 2.560 3.158 0.701
686423 0.360 0.920 0.720
686423 0.920 1.480 0.720
686423 1.560 2.120 0.720
686423 2.200 2.720 0.740
686423 2.800 3.360 0.720
686423 3.480 4.000 0.740
686423 4.120 4.680 0.720
340252 0.000 0.560 0.720
340252 0.480 1.080 0.700
340252 1.160 1.680 0.740
340252 1.920 2.440 0.740
540139 0.040 0.720 0.660
540139 0.760 1.400 0.680
540139 1.360 2.000 0.680
540139 1.920 2.560 0.680
540139 2.480 3.120 0.680
540139 3.040 3.680 0.680
540139 3.600 4.087 0.756
535513 4.240 4.760 0.740
143590 0.200 0.800 0.700
143590 0.880 1.520 0.680
143590 1.600 2.240 0.680
143590 2.280 2.880 0.700
143591 1.440 1.960 0.740
173941 0.040 0.680 0.680
173941 1.000 1.640 0.680
173941 2.120 2.720 0.700
636098 0.000 0.520 0.740
636098 0.520 1.120 0.700
636098 1.120 1.760 0.680
636098 2.840 3.480 0.680
636098 3.400 4.040 0.680
636099 1.480 2.120 0.680
636099 2.800 3.440 0.680
636099 3.480 4.120 0.680
636099 4.120 4.680 0.720
475416 0.480 1.160 0.660
475416 1.840 2.440 0.700
210048 1.560 2.200 0.680
639235 0.000 0.560 0.720
639235 0.520 1.360 0.580
533281 0.320 0.880 0.720
533281 0.760 1.320 0.720
533281 3.520 4.080 0.720
595734 0.880 1.480 0.700
595734 1.320 1.880 0.720
595734 1.720 2.320 0.700
595734 2.160 2.720 0.720
595734 3.400 4.000 0.700
368140 1.560 2.160 0.700
368140 2.040 2.640 0.700
264879 0.320 0.840 0.740
264879 1.040 1.640 0.700
264879 2.080 2.640 0.720
495007 0.000 0.480 0.760
495007 1.280 1.840 0.720
162905 0.000 0.560 0.720
162905 1.400 2.680 0.360
