406048
337816
207782
202231
410243
249490
364849
257789
239460
584651
84418
84420
84419
462226
68697
419674
649921
210210
330796
117063
218773
429803
379013
378590
20133
686423
96133
340252
352500
146257
540139
535513
561464
365194
143589
143590
143591
173941
636098
670021
33847
670020
636099
386301
386238
540065
127782
127749
127766
127788
127754
127748
127750
127783
127790
127765
127772
127740
475416
210048
69187
391327
88807
568344
89897
89899
89906
89898
67710
67711
89874
89873
89878
187706
187705
696013
639235
533281
594529
342922
342920
128523
688713
585979
586506
595734
127993
368140
524015
264879
594505
386352
386358
386354
386359
386367
386368
386377
386365
386372
240081
240080
240085
145351
14872
655762
12679
320450
340518
386244
164539
164542
164540
164538
164541
340517
24111
24113
24110
24112
362240
491679
163132
164320
164314
164321
163055
163058
163052
163135
163037
163038
163127
163133
164318
164319
162897
162903
163131
163130
164317
164322
163136
495007
164330
386102
386129
386105
386099
386108
386111
163033
163024
163029
162905
162896
162902
163028
688714
239474
563672
361045
199872
386112
161124
199875
524837
176226
697347
13554
386116
473806
386119
386122
364680
55342
241873
