424915
424888
424889
424886
424904
430271
180451
430267
424916
424890
424908
424891
424910
424909
424885
424884
424887
424892
424911
424894
424896
572270
572271
424895
424897
424898
415931
424893
607303
424899
581363
682337
171196
682338
171197
171198
187093
187097
187095
187099
403315
660699
417961
417962
323026
323022
323025
77685
58361
520364
533764
320070
100475
465560
387517
681100
100476
447951
447842
257413
532661
533887
188062
532431
532427
237908
237901
237904
237911
237902
237903
478628
682332
237905
237912
237910
237907
237909
323024
237915
323029
637154
237913
237906
237914
237916
192678
323023
323031
323032
682270
682271
682310
682333
619142
96475
682303
323030
664602
131485
126408
126405
126406
126407
204364
682305
682304
527368
12642
109079
682334
682272
352501
510954
584381
584380
584364
584377
584371
584379
584372
584376
584374
584362
584365
584370
584373
584363
584369
584375
584378
584382
584367
584360
584383
323028
660042
204182
24603
24602
219117
426728
37958
119690
119692
119702
119655
119659
119662
119666
119667
119668
119671
119678
119680
119679
119681
119684
119687
119696
119701
119691
119694
119695
119700
119652
119673
119688
119693
119689
119675
119676
119677
119682
119683
119686
119697
119663
119664
119665
119669
119670
119672
119674
119660
119661
119651
119653
119658
119657
119698
119703
119685
119654
119699
91780
24604
119656
119704
506934
182550
182549
182557
182558
182559
182562
182553
182556
182551
182554
182563
182548
182547
182564
182561
182552
182560
182555
506933
639488
119296
119273
119199
119216
119219
119252
119181
119185
119190
119194
119195
119228
119245
119247
119251
119265
119274
119292
119294
119297
119266
119248
119288
119276
119299
119275
119279
119280
119281
119282
119283
119285
119222
119225
119226
119231
119178
119182
119298
119193
119198
119203
119205
119206
119207
119209
119215
119217
119221
119237
119239
119241
119244
119250
119254
119255
119262
119263
119188
119202
119187
119223
119230
119240
119249
119267
119293
119256
119233
119213
119180
119269
121422
119232
119238
119278
119229
119246
119257
119258
119260
119270
119287
119179
119208
119295
119218
119184
119191
119196
119197
119200
119204
119220
119259
119242
119264
119271
119284
119291
119214
119183
119224
119236
119272
119290
119186
119189
119210
119286
119253
119192
119211
119234
119201
119261
119212
119243
361099
119177
13433
13434
13437
13442
13443
13448
13456
13458
13459
13462
13472
13478
13407
13481
13416
13430
13439
13440
13447
13451
13465
13480
13483
13418
13419
13421
13435
13403
13408
13410
13412
13417
13420
13423
13422
13436
13424
13426
13428
13429
13431
13432
13441
13444
13445
13455
13449
13450
13471
13454
13457
13461
13463
13464
13466
13468
13467
13470
13469
13474
13475
13477
13479
13484
13482
13476
13446
13460
13438
13427
13415
13405
13414
13402
13406
13409
13411
13413
13453
13485
14348
13452
13425
625193
518623
632033
632029
580765
632032
674062
749
759
760
61508
661953
661952
661951
661950
618910
618909
618908
618902
618907
661949
618904
618901
618906
618903
618905
682294
119361
119362
119382
119387
119318
119311
119312
119303
119305
119310
119322
119325
119334
119348
119349
119354
119356
119360
119365
119374
119378
119393
119396
119397
119381
119313
119309
119315
119314
119320
119321
119327
119329
119336
119343
119345
119346
119347
119350
119352
119353
119376
119363
119368
119371
119380
119385
119388
119384
119391
119392
119395
119316
119317
119319
119340
119341
119342
119344
119351
119398
119372
119357
119377
119383
119389
119364
119379
119394
119373
119370
119359
119339
119323
119302
119304
119308
119386
119390
119366
119307
119375
119355
119358
119333
119331
119332
119337
119326
119324
119328
119330
119338
119306
119367
119369
119301
119335
121469
121423
121428
121444
121484
121510
121433
121431
121440
121438
121471
121424
121429
121443
121447
121448
121446
121486
121456
121476
121503
121480
121483
121485
121488
121491
121492
121435
121436
121449
121450
121452
121455
121462
121463
121464
121470
121477
121479
121478
121481
121487
121493
121497
121502
121505
121507
121508
121500
121457
121460
121466
121467
121430
121441
121461
121489
121490
121495
121498
121501
121439
121506
121509
121475
121437
121442
121465
121472
121468
121445
121504
121454
121496
121499
121427
121494
121432
121451
121482
121458
121425
121434
121474
121453
24953
475548
682277
682292
682306
682317
682278
682283
682286
682293
682307
682315
682312
682308
682336
682335
682331
682330
682329
682326
682328
682327
682324
682323
682322
682321
682320
682319
682318
682316
682309
682314
682313
682300
682302
682296
682301
682299
682298
682297
682295
682291
682325
682290
682289
682282
682288
682287
682279
682285
682284
682281
682280
682276
682275
682273
682311
565252
689198
632030
46691
46689
46694
46696
46698
46786
46790
46789
46796
46798
46692
46684
46793
46794
46693
46683
46687
46700
46703
46787
46791
46795
46699
46690
46697
46685
46792
46701
46788
46695
46688
46686
20927
20928
26084
170984
258321
46797
608181
674064
98475
479052
223284
223285
187094
662052
689297
330594
330596
330591
330593
330592
330590
330595
328931
121473
121459
121426
626475
331003
331001
331002
331005
330999
331006
331000
331004
518030
187096
318591
506077
274718
413077
559796
682274
414547
91779
632028
632031
517418
460665
748
46702
187098
90237
88590
650398
532660
610128
546650
23787
23788
23793
23786
23789
23792
23794
23791
23790
434676
120959
564129
486245
260915
120958
645874
476043
220232
242118
660468
448732
274558
522381
522396
761
762
764
765
766
767
768
1239
1240
1241
1244
1247
1248
1236
1242
1245
1246
1238
763
769
770
323027
1237
1243
256217
