677826
217407
624436
235725
419745
440872
583281
235188
574863
335294
396063
396059
396061
396064
396060
396065
396062
396058
501323
59356
648768
68076
362961
677980
624209
265582
682489
192414
677981
92846
404730
402580
335696
259993
102860
519562
686994
686995
677979
677987
677986
22333
434709
266653
460441
659002
570953
609428
609427
154879
499287
470082
173938
524290
207240
241846
196399
529394
248092
617748
54515
443380
535598
438836
81833
575370
75092
46069
438841
377747
249912
556579
635891
438845
187717
187716
118060
158575
434193
89773
499405
349211
377142
64962
329915
245023
39943
459699
459695
634753
138425
119761
560715
693701
535849
162629
457595
405231
564432
584970
85871
85872
122015
637964
535533
410111
578496
463284
564423
85876
85878
85885
632457
637962
637963
665077
583513
125309
551430
45411
245598
454287
452314
452315
452304
451065
635783
536158
616854
54992
468938
454291
452316
331546
473801
628047
133825
489569
499694
23872
39446
346566
434000
538594
234935
644976
644975
644974
17642
235938
235943
459699
459695
610196
102073
