529410
529409
529404
529402
529400
529397
529399
529403
529405
529398
529401
529406
529407
529412
529411
269295
531101
162844
162841
162842
162845
264777
461021
169867
461023
167563
461022
74917
62260
216241
216239
216243
216242
430075
430077
436555
436554
569415
569422
569417
569418
569428
569419
569427
157790
391474
398608
364638
641199
517056
425132
433634
157792
442862
675780
52329
207618
234538
234541
464408
675821
19172
197443
379469
379473
379468
379470
379472
379463
379464
19290
433635
402977
408392
517877
641049
654817
486234
130503
156559
273843
482880
365155
198607
134933
377334
403003
364660
257779
63829
14910
480873
362202
470058
522934
623136
432244
611683
27281
170519
170520
618039
523061
209522
364659
156033
325257
491854
260584
495390
398638
121652
121736
121737
121739
122082
121740
121653
50773
413602
531111
492231
426209
130773
130774
478807
66233
451128
170523
616323
243566
696649
534291
243567
460101
572154
170522
76177
248218
112155
531138
531117
531118
531104
685653
531095
624485
331356
623015
531096
402818
539404
30350
531147
531119
556758
