529410
529409
529404
529402
529400
529397
529399
529403
529405
529398
529401
529406
529407
529412
529411
269295
531101
491321
162844
162840
162843
162841
162842
162846
162845
162847
434094
264777
461021
201216
169867
461023
171588
167563
461022
461015
74917
62260
461016
216241
216239
216244
216243
216242
216245
216240
430075
430077
436555
436554
569415
569422
569417
569418
569428
569419
569427
157790
184361
553732
391474
398608
364638
641199
685276
517056
267951
675772
141490
425132
682144
476474
433634
442861
157792
442863
442864
442862
675780
622101
52329
567539
576980
567538
207618
234538
234541
181577
334130
464408
675821
463765
19172
197443
379471
379469
379473
379468
379470
379472
379463
379464
379467
379474
19290
433635
402977
408392
517877
176581
641049
654817
486234
433931
130503
156559
1169
582083
273843
650715
482880
365154
365155
434874
656352
434876
650564
198607
272402
134933
181578
479515
377334
403003
442695
109747
450310
583307
364660
272457
257779
63829
14910
480873
362202
470058
522934
623136
432244
188232
611683
342983
27281
170516
170521
170517
170519
170520
433633
444047
618039
528833
444281
274499
523061
483307
483308
209522
364659
155001
156033
156030
156615
513405
326243
671565
671564
325257
491854
244926
325256
260584
495390
411477
398638
187541
531135
417946
121742
121650
121652
121736
121737
121739
122082
121738
121740
121741
121653
550268
558185
336741
428574
50773
336740
428575
558189
413602
431976
531111
428576
461550
542518
492258
492231
671309
426209
675794
481838
483304
481125
442176
130773
130774
478807
434098
66233
318776
451128
170523
278105
616323
531099
243566
269634
696649
534291
243567
392404
412520
671311
671310
460101
572165
595792
572154
170522
76177
483303
92597
125434
162904
248219
248218
112155
531138
531117
531118
531104
685653
269635
269622
531095
624485
331356
365814
623015
531096
402818
539404
17556
30350
262323
22599
22598
531147
531115
531094
531119
531113
623014
582088
536783
186374
521036
163262
93076
674232
555152
555150
556758
556759
534702
