529410 0.600 1.600 0.000
529410 2.480 3.480 0.000
529410 4.600 5.600 0.000
529410 6.880 7.920 0.000
529409 0.880 3.120 0.000
529409 3.240 5.400 0.000
529409 5.840 7.360 0.000
529409 8.280 9.480 0.000
529404 0.040 0.880 0.080
529404 1.640 2.440 0.100
529404 3.160 4.000 0.080
529404 4.680 5.480 0.100
529402 0.080 0.960 0.060
529402 4.840 5.720 0.060
529400 0.080 1.720 0.000
529400 2.240 3.840 0.000
529400 4.200 5.720 0.000
529400 6.240 7.760 0.000
529397 0.120 0.960 0.080
529397 1.360 2.200 0.080
529397 2.680 3.560 0.060
529397 4.040 4.840 0.100
529399 0.200 1.160 0.020
529399 1.640 2.600 0.020
529399 3.080 4.040 0.020
529399 4.600 5.560 0.020
529403 0.160 1.040 0.060
529403 1.440 2.320 0.060
529403 2.600 3.480 0.060
529403 3.840 4.680 0.080
529405 0.760 2.200 0.000
529405 2.920 4.280 0.000
529405 5.040 6.160 0.000
529405 7.320 8.440 0.000
529398 0.560 1.480 0.040
529398 1.960 2.880 0.040
529398 3.320 4.200 0.060
529398 4.720 5.560 0.080
529406 0.000 0.800 0.100
529406 1.960 2.840 0.060
529406 4.040 4.920 0.060
529406 6.280 7.160 0.060
529407 0.280 2.120 0.000
529407 3.120 5.080 0.000
529407 6.000 8.000 0.000
529407 8.320 10.200 0.000
269295 0.000 0.600 0.200
162844 4.200 6.520 0.000
162844 6.560 7.320 0.120
162844 9.280 11.080 0.000
162842 0.440 2.680 0.000
162842 2.640 3.560 0.040
162842 7.000 8.560 0.000
162845 1.160 3.200 0.000
162845 3.360 5.440 0.000
398608 0.000 0.680 0.160
398608 1.320 2.040 0.140
398608 2.760 3.440 0.160
641199 3.280 4.720 0.000
641199 5.680 7.880 0.000
425132 0.360 1.400 0.000
425132 1.240 2.680 0.000
433634 3.360 5.200 0.000
675780 0.000 1.080 0.000
675780 3.120 4.520 0.000
52329 5.480 6.360 0.060
207618 0.680 1.360 0.160
207618 1.320 2.040 0.140
207618 1.960 2.640 0.160
675821 0.000 0.920 0.040
675821 1.040 2.120 0.000
675821 2.200 3.040 0.080
675821 3.360 4.440 0.000
675821 4.640 5.400 0.120
379469 0.960 1.920 0.020
379469 1.880 2.880 0.000
379469 2.880 3.920 0.000
379473 0.920 3.160 0.000
379470 0.720 1.960 0.000
379470 1.840 3.920 0.000
408392 0.480 1.240 0.120
408392 2.200 3.040 0.080
408392 3.520 4.320 0.100
408392 5.080 6.240 0.000
408392 6.440 7.160 0.140
486234 0.240 1.720 0.000
130503 0.040 1.400 0.000
130503 1.960 3.440 0.000
130503 3.640 5.400 0.000
273843 1.560 2.440 0.060
482880 1.480 2.200 0.140
482880 2.160 2.920 0.120
482880 2.880 3.640 0.120
198607 0.200 1.080 0.060
198607 1.240 2.200 0.020
134933 10.160 11.120 0.020
364660 0.000 0.680 0.160
364660 0.640 1.600 0.020
63829 3.000 3.880 0.060
362202 2.320 3.120 0.100
362202 10.560 11.280 0.140
362202 12.640 13.400 0.120
470058 0.000 1.880 0.000
522934 7.840 8.520 0.160
623136 0.240 1.800 0.000
623136 1.920 3.480 0.000
623136 3.680 5.480 0.000
623136 5.440 6.840 0.000
623136 7.080 8.800 0.000
623136 8.760 10.440 0.000
623136 10.600 11.960 0.000
432244 0.200 2.360 0.000
170519 2.000 3.120 0.000
170520 2.040 2.960 0.040
491854 0.000 2.040 0.000
491854 2.240 2.920 0.160
495390 0.000 0.920 0.040
495390 1.320 2.320 0.000
495390 2.680 3.480 0.100
495390 3.880 4.640 0.120
495390 5.000 5.760 0.120
495390 6.120 6.800 0.160
66233 1.000 2.560 0.000
66233 2.400 4.600 0.000
696649 2.360 3.120 0.120
243567 2.800 3.480 0.160
243567 3.760 4.520 0.120
76177 1.560 3.080 0.000
76177 5.760 7.200 0.000
248218 3.600 4.560 0.020
248218 4.480 6.600 0.000
248218 6.440 7.120 0.160
248218 7.360 8.760 0.000
112155 0.160 1.040 0.060
112155 0.920 1.720 0.100
112155 1.560 3.040 0.000
331356 4.560 6.200 0.000
402818 0.000 1.520 0.000
556758 0.840 1.680 0.080
