570759
204030
243880
669871
243882
324573
415283
403627
403624
425828
114525
114526
627238
270844
129431
244939
475425
627526
551318
523389
82431
444213
646830
173848
466124
244942
81794
244941
654704
520697
365677
448966
542254
470103
470099
470102
470100
470094
470098
361915
147794
479430
381164
319699
350742
350989
350725
408526
475448
487310
487317
380933
117884
609333
378725
242547
537279
637547
126971
126969
126968
262211
389850
569538
569537
569539
643511
438857
406950
367241
571798
377011
655089
471903
138046
204016
70759
171325
171320
492352
584866
154843
561822
575334
394058
511837
547988
576951
367505
367506
617019
427211
527698
524750
565054
537240
595747
445036
650021
103993
436465
480890
611276
508199
542261
573729
120206
376554
494619
575335
520704
520700
176726
650019
366295
70769
570686
408424
231460
220936
486992
28301
347755
237047
175388
260740
410147
437364
679211
408982
429979
530114
440746
405452
55689
418635
530105
199661
532878
265020
429080
444837
167644
167643
680635
120211
626504
464851
554736
530109
679212
679213
235425
429421
395310
562740
326835
328907
575323
570687
245366
626506
530113
530110
682990
654315
554561
476889
366630
365874
399674
651107
399673
559824
75264
75263
86345
455874
491980
438682
445332
194499
507710
194497
194498
97120
438881
552694
223052
435292
435294
435290
435291
435296
667867
459675
427866
427867
427865
463671
100343
52094
613548
658428
365630
425784
262779
331713
454357
566582
150445
326966
640933
365855
634141
546995
138278
540228
559823
344370
118259
253746
325849
468073
416453
136382
454368
438303
563601
542256
563602
333519
575336
486922
541568
147990
188924
528784
350667
595478
595468
476804
541569
475431
438304
454363
454359
365851
399615
480720
481827
573702
437082
173512
173513
540567
660421
365856
643515
519366
250031
176252
481075
447625
685330
269651
575455
616838
380093
481847
442856
139294
127193
344369
181059
181060
580559
654996
571048
322259
569403
658608
28250
579676
324771
