368804
368803
368801
368802
352177
185415
181220
181217
181225
179902
171519
184436
184435
256570
640218
428775
185619
540771
147827
383785
383786
29680
572749
558936
408882
505250
689019
609535
461957
380807
325643
407568
595731
144692
205576
370761
54505
539224
451736
508388
413715
257921
320562
339414
457631
595444
59324
464232
431212
23752
380121
150231
563313
461197
527648
502465
508739
341038
128631
412535
528712
254884
119102
546841
568375
156843
148330
475106
475107
47273
580831
187979
331396
535985
47274
180924
653975
467954
399287
515299
445290
692845
120793
130978
130979
130977
571155
346673
346680
593735
346672
346681
95342
346670
346671
325780
246192
246190
532974
530295
266317
221593
236974
594406
654348
88783
