368804
368801
368802
352177
185415
181220
181217
181225
179902
171519
184436
184435
256570
428775
185619
540771
147827
383785
383786
29680
572749
558936
505250
689019
609535
461957
380807
205576
370761
451736
413715
257921
339414
457631
595444
59324
431212
380121
150231
461197
502465
508739
128631
119102
568375
156843
148330
475106
580831
187979
331396
535985
47274
180924
467954
399287
120793
130978
130979
130977
346680
346672
346681
95342
346670
346671
325780
246192
246190
532974
266317
221593
236974
