325817
186962
107038
325809
653314
629673
510081
510076
629721
512679
527731
512680
509003
629719
509010
509004
508996
509001
509014
509009
509015
508995
509007
508994
509002
509012
508998
509006
508997
509008
509013
509016
325844
98220
509000
509005
512698
345558
345559
461704
485355
553183
587171
319038
553181
340627
518609
378673
533587
369723
451227
207483
118804
186937
186938
81261
26972
161399
433659
433666
433668
433663
433665
433664
433661
433667
91210
259925
200303
592655
406110
120937
648553
481689
388366
479911
481726
118323
140609
388372
