325845
495383
495384
181564
181565
325817
186962
107038
440508
325810
325807
325809
325808
455926
653314
505315
511909
511913
510074
510079
510083
510078
511911
629673
511910
511914
510081
510076
510082
511878
511882
511884
511912
629721
24023
510080
511879
511881
508999
509011
510077
629675
511885
508993
512679
527731
512696
512681
510084
511877
512695
512680
509003
512697
512699
629719
509010
509004
508996
509001
509014
509009
509015
508995
509007
508994
509002
509012
508998
509006
508997
509008
509013
509016
512694
325844
98220
509000
509005
512698
50899
345558
345557
345559
461704
485355
381535
553183
553182
587171
319038
553181
340627
379383
379379
518609
106729
378673
382714
250007
533587
121886
118727
369723
644869
693793
451227
207483
71533
9694
161388
52790
118804
177183
668986
186937
186938
463106
81261
537113
369482
505322
631796
478731
26972
621324
49607
161117
536754
501344
659093
659094
659095
161399
655201
347973
433659
433662
433666
433668
433663
433665
433664
433661
433667
91533
274186
274187
91210
259925
200303
91535
91536
91534
259934
322055
554486
554311
592655
621191
537466
406110
481127
120937
648554
648553
481126
481689
558734
140582
630564
630565
388366
153051
9693
437997
630557
630561
479911
481711
553563
630562
479512
481726
438720
668826
118323
140609
630558
388372
200289
23212
17617
503507
567126
625734
625741
638316
561829
625685
