536107
365059
340897
274448
331897
378316
68629
655869
83608
267962
209537
235554
507309
344413
443478
444482
693543
442512
201664
508654
452888
154730
433711
561982
118059
340295
161874
401140
401138
467368
660447
630017
70280
661839
618534
682765
656084
426775
72677
460533
119720
119719
458893
449954
561339
92637
667628
169072
223982
98770
538457
69231
592213
235622
28005
46274
46275
160433
516714
235768
527589
462656
486093
171564
457189
246248
371819
444916
182404
185908
126532
205079
466738
506794
378863
670246
220945
56269
451638
152958
332028
650995
257438
402986
410274
176744
331659
640058
19035
67422
213911
424726
172868
569762
679307
686229
334582
334587
334589
334588
533454
93010
35623
210784
210788
98762
402984
507459
488671
552454
547528
264384
265173
233454
117131
186488
98777
588
35624
464575
632076
524279
241622
98778
646700
98767
420010
128746
644431
147751
233006
420222
111126
38116
425063
685655
108413
378622
648103
48430
98790
114395
348331
66765
98786
98792
182462
625610
540235
170746
98775
98783
98788
625609
625608
553275
49538
132242
696149
104802
477489
102187
553276
500365
98779
98780
388791
620177
517555
574159
164071
261256
440999
365103
67417
180230
16593
216768
557649
395832
135726
555991
31542
646898
563863
212089
170750
238403
115096
99438
99439
59629
39083
560489
557305
261450
261456
261257
233452
322557
334602
334611
334596
334609
334606
334610
366478
202548
82671
569526
485656
202049
71218
85771
686357
557362
499330
479316
508726
59243
560122
168014
596876
478802
468221
452376
690238
462653
649843
547431
461218
223887
253759
344720
497276
497277
195066
71587
83304
334945
393795
177890
408940
185046
330536
408714
188264
631850
103651
147333
18729
586472
14860
27228
209524
186344
209525
55504
55503
499407
86118
592215
340297
506518
499368
420190
442185
94742
78949
132590
571146
155370
345357
377944
70291
