507233
671206
531558
132717
566005
101158
101159
101153
216231
216235
216223
216233
216237
216238
216224
216230
216234
216227
216236
216232
101177
101142
114585
57867
558731
118498
513863
515796
158442
456760
341391
636849
695940
498541
498542
58020
492760
399767
639963
326377
547476
547475
537083
498911
176725
345746
264461
543843
344335
544103
156836
215572
263508
254278
254279
254276
66321
498720
264523
273604
348290
498060
100080
100081
550298
550303
550302
550304
498898
498893
63478
186382
