671205
671204
671215
671211
671212
671209
671214
671217
671216
671208
333061
671213
671219
671210
101149
101148
101156
101155
101147
581399
101178
216222
216228
216225
216229
216226
101170
101165
101174
101173
101164
101141
101163
101169
101168
101180
101172
26763
118497
691599
446379
408080
400890
181951
540225
399754
399750
399762
399758
399759
321048
321581
326916
643325
391296
542206
77896
399756
399757
399760
446388
66320
58983
57811
366793
461297
85728
61577
612927
558783
582041
124936
646668
399764
366311
545719
61356
615889
250087
174498
414889
550296
420135
436828
156838
407685
628811
679957
254281
497106
498727
462012
223726
676967
583400
550297
273599
63479
550299
550300
550301
323650
546018
328123
