671205
671204
507233
671215
671211
671212
671206
671209
671214
671217
671216
671208
333061
671213
671219
671210
531558
132717
566005
101149
101148
101156
101158
101159
101155
101147
101153
581399
101178
216231
216235
216223
216233
216237
216238
216222
216228
216224
216225
216230
216229
216234
216227
216236
216232
216226
101170
101165
101174
101173
101164
101177
101141
101163
101169
101168
101180
101172
101142
26763
114585
118497
691599
446379
408080
400890
181951
540225
57867
558731
399754
399750
399762
399758
399759
321048
321581
118498
513863
326916
643325
391296
515796
542206
77896
658027
399756
399757
399760
158442
446388
66320
456760
341391
567973
636849
58983
695940
57811
366793
461297
498541
498542
85728
217665
217673
61577
58020
492760
612927
558783
582041
124936
646668
399764
399767
492763
366311
545719
61356
639963
217669
565164
615889
250087
326377
174498
414889
547476
547475
550296
420135
537083
498911
176725
345746
264461
543843
217667
75689
61938
344335
544103
436828
156838
156834
156839
156836
215572
407685
628811
679957
263508
254278
254281
254279
254276
497106
66321
498726
498727
462012
498720
223726
264523
676967
583400
550297
273599
273604
348290
81124
63479
498059
498060
100080
100081
208033
623437
579893
648910
90219
550299
550300
550301
550298
550303
550302
550304
323650
546018
498898
498893
63478
328123
186382
690397
265253
262627
