327089
249806
352638
129296
129299
389656
50775
559672
369989
265360
388090
612578
257349
499569
260842
104015
379168
71924
620363
209
336417
336416
648453
335749
471807
259499
696438
542118
53584
343168
441002
536096
249324
619914
73419
520928
46294
195068
50844
50845
5918
444550
419397
107112
499334
499333
444420
34268
34269
489747
389541
389539
162208
151912
343797
46934
498973
21888
478691
454292
108456
376377
117302
273331
170282
462433
547253
690440
388507
1013
1014
444193
170287
138073
21889
594755
7997
12653
485657
388506
608994
