323142
327089
474411
171456
249806
352638
129296
424845
129299
389656
50775
559672
369989
265360
683783
612273
388090
240693
612578
257349
499569
260842
104015
446679
566655
153297
337525
379168
71924
560300
620363
536518
210
209
336417
336416
336423
648453
634990
335749
500314
497159
238012
471807
165283
259499
696438
387904
542118
53584
343168
346609
441002
156907
425061
418464
240079
536096
249324
215991
410393
463339
661420
619914
520927
73419
520928
78331
46294
235560
340297
239100
391695
396483
408276
634981
396484
195068
50844
50845
50846
5918
5912
444550
419397
107112
499334
499333
444420
34268
34269
489747
389541
389539
3205
162208
151912
343797
46934
154901
154897
154899
154905
154903
154895
22438
83742
688368
498973
21888
478691
478690
478694
478697
478696
454292
108456
321168
376377
35793
117302
273331
170282
462433
547253
137235
690440
690442
388507
690441
337490
337491
1013
1014
478716
478718
478684
478672
444193
170287
138073
612596
21889
594755
7997
12653
344238
170736
485657
13541
369869
531140
612268
21189
388506
608994
245005
438449
197965
