481778
481781
332303
332305
332307
332302
332320
332308
332306
337000
332311
332317
332319
332318
332316
380400
333411
333410
512261
511788
201203
480755
627212
150957
486202
486210
482218
63276
380398
617525
257812
627216
627219
241742
235191
112280
165492
333421
333420
165491
505717
651644
651646
651645
651642
651641
651643
632293
681458
632294
371339
640855
184833
353923
480925
340965
340964
340963
94106
112274
109742
333409
618255
654083
169233
654085
237682
86219
86221
86220
475539
86218
86223
222503
221958
473807
