481778
481781
332303
332305
332307
332302
332320
332308
332306
337000
332311
332317
332319
332318
332316
380400
333411
333410
512261
511788
201203
480755
627212
150957
486202
486210
482218
63276
380398
617525
257812
627216
627219
241742
235191
252808
666921
112280
165492
333421
333420
165491
505717
651644
651646
651645
651642
651641
651643
632293
681458
632294
498061
371339
645430
35964
188432
498062
498536
498537
640855
424776
122646
69338
650380
184833
353923
498063
480925
340965
340964
340963
498068
498067
274510
94106
648547
112274
155405
109742
109733
333409
618255
621287
523550
415585
491783
678737
654083
523552
124821
124820
523551
169233
417093
466776
654085
126889
486524
404051
155368
162331
195616
237675
29681
237682
162257
27563
154604
86219
195617
202783
176573
329331
86221
249323
162575
321572
455335
658472
268783
86220
475539
475071
431645
431646
424950
431649
142921
405115
405114
86213
86218
86212
152601
269271
269260
269262
246058
197739
199066
337816
249321
249319
81854
326294
326295
337815
337813
337814
506016
86223
431651
424949
276279
450264
412751
412750
326296
249324
61230
361427
61231
143302
421646
421642
421643
434894
156596
421641
434893
200265
222503
221958
473807
447876
447878
646018
440888
440891
156449
572229
204530
390514
641097
234313
346837
440893
162493
212044
696013
