669035
656264
656265
118570
524500
524502
524501
583220
583219
341535
168437
168436
201992
118571
341537
656304
656306
400327
398466
398467
656325
147759
420461
408094
266319
659963
327689
151892
125096
125092
125095
125094
400385
186744
186742
79050
593477
188610
328127
678400
216881
216878
79571
327415
152615
365341
595034
51132
573705
35801
152620
124535
523751
124511
445021
340308
116439
159645
257430
494759
432652
444539
405533
405532
534528
534529
534525
124526
592214
661756
661745
381305
349356
274949
344355
471108
119724
138330
431300
465400
266683
151638
130043
130044
2159
130045
104966
104967
104968
674610
504887
178066
504889
504888
661754
620326
350751
488473
221649
525019
69649
445303
138309
595132
267692
72826
71414
444266
79058
376477
148903
682753
584109
661744
669056
329095
661743
16476
546912
52256
135448
241031
187281
79046
89100
180695
24645
346604
52344
569962
669049
615963
79376
149165
149162
335014
194999
449583
457014
594612
429140
344603
237316
170890
170891
379748
483226
371023
533060
491741
120175
120170
120173
120171
120174
428577
533178
202623
250103
207630
266671
116436
116437
79201
123600
