219778
219769
433921
365771
365775
365778
365776
365777
365770
365772
365774
365773
365768
365769
468514
152912
470060
531697
559107
152997
415187
635384
556251
204496
93775
319347
319346
84606
277547
277553
470059
407459
275652
169807
69614
277548
277550
92398
92399
92406
92361
92396
92364
92371
92403
92360
92394
92387
92372
92368
92381
92389
92390
92366
92380
92369
92373
92397
92404
92405
92370
92362
92393
92367
92382
92374
92375
277552
277549
536808
42842
42841
42846
42843
350619
16209
98384
337716
467280
467279
223851
218188
171771
