219778
368385
219769
433921
365771
365775
365778
365776
365777
365770
365772
365774
365773
365768
365769
19743
468514
152912
470060
531697
559107
152997
415187
132252
635384
44064
556251
408117
556250
204496
570614
564942
93775
319347
319346
516197
465455
84606
277547
277553
470059
118487
407459
408421
275652
169807
169808
278107
15288
79771
69614
277548
277551
277550
92398
92399
92406
92361
92396
92364
92371
92403
92360
92394
92387
92372
92368
92381
92389
92390
92366
92380
92400
92369
92373
92379
92397
92404
92405
92407
92370
92362
92393
92367
92382
350326
79770
79775
418422
92374
92375
277552
277549
536808
42842
42841
42846
42845
42843
407676
118486
408083
9562
143251
350619
581095
656122
351801
16209
98384
337716
467280
467279
223851
218308
365780
218188
27783
132075
171771
482812
