453177
453179
536409
453176
536408
536410
536407
536404
536405
238680
246329
508264
371910
573131
619913
86117
560062
630501
344589
436774
164654
661706
435852
275774
275769
275771
324711
258048
258054
258070
258047
258068
35619
123036
171399
613455
348003
325688
530117
464132
531542
553349
553348
553346
553345
560130
371511
535363
200373
88562
390694
344664
615907
436779
194377
369911
618527
326901
347241
105
464424
344411
164685
426776
208872
179008
464428
647033
473777
118815
547512
103800
587618
121198
570590
267709
124039
435860
341022
460408
485653
560057
90680
90728
219100
592421
420128
154420
66377
240899
545195
545196
545190
545194
545192
411810
546885
443715
533220
672849
536065
261459
261455
326006
168089
168091
335385
653373
344544
474585
613663
543366
543367
543365
434161
434162
567302
