642416
641888
641954
641952
641951
641949
641950
641887
696066
642498
641886
696009
645148
645149
641947
641720
696564
530556
530559
530558
530557
384228
132711
132712
369292
371903
233217
233213
233215
233216
233214
273590
273598
273597
273594
273589
273591
273596
273592
273593
273595
109558
250132
641680
277268
348311
256587
187263
566337
33865
33869
33866
33864
33867
33868
33863
116936
116930
116937
116942
116950
116954
116938
116943
116925
116927
116935
116939
116945
116948
116949
116951
116955
116944
116953
116952
116941
116926
116928
116931
116947
116929
116932
116933
116940
116946
116934
325393
508611
508612
508615
508614
508617
325387
325397
325394
325390
330766
325400
325398
325388
116872
134704
337950
648590
116870
116877
116878
116888
116899
116910
116922
116911
116896
116879
116873
116880
116882
116891
116923
116907
116874
116884
116885
116894
116905
116915
116916
116914
116919
116921
116893
116869
116881
116886
116890
116892
116897
116898
116900
116901
116902
116904
116906
116909
116912
116913
116917
116920
116924
116875
116883
116887
116918
116903
116871
116895
116889
116876
116908
352739
352740
330759
641659
44071
251300
400802
641687
641657
641658
641656
331053
352729
352733
352737
352735
352731
325383
641681
641664
641663
641661
641660
641662
696318
330769
330771
330770
325384
31469
533731
31468
31467
392468
325379
325389
553292
328723
404368
521853
553293
553295
553294
553291
553290
553289
325391
330772
330773
330756
330762
325380
325376
106352
48214
325373
245091
400803
111385
330754
330763
330757
330765
172951
255115
391886
17747
325374
329110
330751
32292
38292
328721
394359
329109
328720
472795
120066
346492
546843
330753
330752
330755
513268
623476
623475
623474
623467
623457
623456
623460
623469
623463
623453
623461
623464
623465
623471
623470
623472
623473
623454
623455
623458
623459
623462
623468
325381
224002
513825
196565
325378
325377
331066
331054
331055
328830
328828
31470
521866
65177
39615
164883
2633
2638
2632
2634
2640
2636
2635
2637
2631
2639
593303
60490
48213
25942
25940
25941
256622
25944
456445
25943
403672
48215
696367
325396
325399
565759
