140772
123450
123449
688697
123451
123465
459693
362277
580208
614840
407627
561998
261500
542962
658613
541142
278124
278111
278116
278112
278117
278110
278115
278120
278125
278114
278118
650727
125160
408393
437678
71284
478860
123653
559813
123610
216435
481853
594733
449009
491307
638319
16966
657459
244474
216436
191283
658610
215315
658609
453748
376708
580208
365678
679998
561998
261500
658613
545555
545535
339181
278110
278124
278112
278117
278125
278114
278118
278115
278120
278111
278116
431491
405014
616404
559813
39384
411189
203030
677975
637731
218337
481851
464256
685330
654986
347472
490800
563766
532191
563012
649086
649087
414767
95548
181563
631454
630480
631455
65748
657358
636178
95547
680634
449053
449051
95550
378635
632114
338681
691640
545637
542157
120644
444920
204348
65909
677975
618237
636917
484338
594733
637523
619040
18766
320231
29939
448361
263864
145774
583810
620324
410728
65747
459703
410734
243742
554578
610766
371469
504963
623368
459794
209651
696606
459391
241318
459393
459392
519520
256464
554855
679405
679406
213345
569646
672727
672728
255306
233694
233693
233695
541572
233696
537531
563764
658613
462916
524917
554266
555052
220953
269062
318889
220958
681366
513280
659951
350757
548142
420732
660298
220786
376708
443983
369983
112811
544009
363093
363091
483312
645885
386560
403628
106966
483323
16694
182369
330602
483313
450574
698209
517398
483310
186316
187079
453472
404525
257370
257371
195586
244474
163996
170247
484337
299269
414298
537530
27862
508844
514448
662891
25780
437678
