140772
123450
123449
688697
123451
123465
459693
362277
580208
614840
407627
561998
261500
542962
658613
541142
278124
278111
278116
278112
278117
278110
278115
278120
278125
278114
278118
650727
125160
408393
437678
71284
478860
123653
559813
123610
216435
481853
594733
449009
491307
638319
16966
657459
244474
216436
191283
658610
215315
658609
453748
376708
580208
365678
679998
561998
261500
658613
545555
545535
339181
278110
278124
278112
278117
278125
278114
278118
278115
278120
278111
278116
431491
405014
616404
559813
39384
411189
203030
677975
637730
637731
218337
481851
464256
685330
654986
347472
