140772
123450
254200
254193
123449
688697
123466
427212
366288
345569
123451
123465
676395
459693
362277
580208
378075
614840
531934
493781
407627
684119
416847
561998
261500
84929
542962
658613
204046
541142
643346
278124
278111
278119
278116
278112
278117
278110
278115
278120
278125
278114
278118
650727
679999
472632
541547
519517
125160
408393
437678
71284
63357
478860
344717
327280
123653
559813
123610
123656
216435
481853
456769
594733
409219
544828
449009
321516
220941
491307
654233
648180
638319
16966
657459
244474
124582
216436
219272
191283
481843
561033
658610
215315
215316
658609
631738
631737
453748
376708
580208
365678
422532
416847
679998
83691
561998
261500
254200
254193
365880
658613
204046
405452
679999
244808
201540
539862
545555
545535
339181
278110
278124
278112
278117
278125
278114
278118
278115
278120
278111
278119
278116
371365
371364
431491
545533
405014
616404
559813
39384
39385
63356
475502
545565
411189
203030
677975
390546
550399
637730
637731
637760
218337
451415
32688
481851
464256
217674
685330
654986
34778
676236
347472
