140772
123450
254200
254193
123449
688697
123466
427212
366288
345569
123451
123465
676395
459693
362277
580208
378075
614840
531934
493781
407627
684119
416847
561998
261500
84929
542962
658613
204046
541142
643346
278124
278111
278119
278116
278112
278117
278110
278115
278120
278125
278114
278118
650727
679999
472632
541547
519517
125160
408393
437678
71284
63357
478860
344717
327280
123653
559813
123610
123656
216435
481853
456769
594733
409219
544828
449009
321516
220941
491307
654233
648180
638319
16966
657459
244474
124582
216436
219272
191283
481843
561033
658610
215315
215316
658609
631738
631737
453748
376708
580208
365678
422532
416847
679998
83691
561998
261500
254200
254193
365880
658613
204046
405452
679999
244808
201540
539862
545555
545535
339181
278110
278124
278112
278117
278125
278114
278118
278115
278120
278111
278119
278116
371365
371364
431491
545533
405014
616404
559813
39384
39385
63356
475502
545565
411189
203030
677975
390546
550399
637730
637731
637760
218337
451415
32688
481851
464256
217674
685330
654986
34778
676236
347472
609591
490800
563766
532191
563012
649086
649087
414767
95548
260713
181563
631454
630480
631455
65748
657358
636178
95547
595483
595473
680634
449053
449051
95550
657359
61311
378635
632114
338681
691640
657357
545637
501417
542157
120644
219272
378028
382616
444920
204348
346321
628432
65909
677975
683333
618237
636917
484338
594733
637523
619040
18766
320231
638299
29939
689044
448361
263864
145774
583810
620324
394952
410728
65747
459703
533428
410734
243742
503139
554578
699261
610766
410917
624429
387428
508845
371469
504963
623368
459794
342104
209651
696606
459391
241318
459393
459392
370243
519520
256464
671313
104632
17565
554855
679405
679406
213345
658409
569646
534802
672727
672728
255306
233694
233693
233695
541572
233696
537531
563764
658613
462916
524917
462915
554266
555052
595245
654539
660295
46013
220953
696691
269062
318889
387126
387127
387128
220958
681366
447818
326913
620007
513280
659951
350757
548142
420732
660298
220786
376708
443983
369983
648178
419282
675764
595451
112811
544009
363093
363091
483312
645885
386560
403628
106966
628650
483323
16694
182369
182368
330602
483313
450574
698209
517398
449052
483310
483317
186316
187079
449050
449049
654043
453472
7057
404525
412793
545639
257370
257371
195586
627118
244474
163996
170247
484337
299269
414298
537530
27862
263994
508844
501731
241334
514448
514447
648177
648180
648175
648176
648179
505264
662891
34778
25780
450570
450573
437678
202705
483692
