195151
195150
242160
368377
195285
195691
195546
195688
195693
195695
195697
195690
195547
195700
195699
195698
195696
195545
195543
195549
195550
195551
195692
195694
195544
195552
195542
195689
195702
195701
195548
571162
571159
571168
571171
571164
571163
571165
571158
571156
571172
562642
149894
149895
668635
246842
246718
246740
246744
246783
246891
246720
246725
246752
246788
246789
246790
246805
246802
246806
246807
246808
246838
246848
246860
246733
246759
246764
246837
246841
246814
246820
246717
246726
246732
246750
246827
246727
246883
357944
357949
358222
357931
357934
358210
358229
358232
358233
358235
358241
357945
357947
358238
357913
357904
357908
357912
357915
357917
357920
357923
357927
357930
357932
357936
357937
357942
357939
357948
357950
357951
357952
357953
357954
357956
357967
357958
357963
357968
358208
358211
358212
358214
358215
358216
358220
358227
358223
358224
358226
358228
358230
358237
358236
357946
357957
357902
357907
357909
357910
357911
357935
357938
357940
357941
358213
358217
358218
358219
358221
358225
357922
357960
357961
357962
357965
357966
358209
357903
357918
357926
357943
358239
357955
247474
247480
247483
247487
247489
247493
247497
247471
247477
247468
247470
247494
247496
247495
247478
357970
357975
358186
358112
357976
357980
357981
357985
357992
358008
358010
358017
358019
358022
358032
358043
358047
358058
358072
358075
358108
358111
358116
358117
358143
358148
358151
358155
358177
358178
358188
358190
358179
358184
358187
358189
358191
358199
358203
358204
358207
358252
358243
358246
358247
358248
358249
358250
358251
358253
358258
358263
358268
358269
358273
358275
358274
358144
358270
357971
357972
357977
358011
358014
358015
358016
358020
358024
358025
358033
358065
358073
358074
358076
358077
358115
358145
358147
358150
358153
358154
358157
358158
358254
358257
358260
358264
358265
358266
358005
358009
358176
358180
358181
358183
358185
358194
358196
358198
358206
358245
358271
358272
247571
247568
247572
247575
247569
247574
247578
247913
247917
247915
247589
247588
247592
247921
247923
247924
247909
247938
248008
247965
247971
247984
247504
247505
247507
247509
247514
247517
247519
247521
247523
247526
247527
247528
247529
247531
247535
247536
247537
247539
247547
247540
247543
247544
247548
247553
247561
247562
247564
247565
247570
247566
247567
247573
247576
247577
247579
247586
247581
247582
247583
247584
247585
247587
247590
247591
247893
247887
247888
247889
247890
247892
247896
247899
247900
247902
247904
247907
247910
247914
247919
247925
247928
247943
247949
247951
247953
247956
247955
247962
247961
247967
247972
247973
247976
247978
247983
247985
247993
248001
247991
247992
247997
248007
248011
248012
247555
247556
247557
247559
247560
247934
247936
247939
247946
247950
247952
247954
247957
247958
247960
247996
247999
248002
248009
247932
247937
247532
247534
247499
247502
247508
247518
247530
247533
247546
247552
247580
247895
247930
248010
247558
247550
247541
247885
358297
358335
358287
358289
358293
358295
358298
358307
358311
358308
358310
358312
358315
358320
358325
358344
358347
358348
358349
358353
358358
358365
358292
358294
358361
358364
358369
358318
358314
358345
358299
358300
358301
358305
358354
164126
164142
164127
164125
164123
164139
164128
164129
164131
164132
164133
164134
164136
164137
164143
164144
164146
164140
68373
176098
41618
39557
39665
195149
30190
509535
167810
500807
223140
320922
320920
320919
320918
621847
274170
195281
195272
195277
195280
195275
195273
195279
195276
195278
195274
195282
195284
195283
447817
