195151
195150
83925
242160
368377
636898
390140
195285
195691
195546
195688
195693
195695
195697
195690
195547
195700
195699
195698
195696
195545
195543
195549
195550
195551
195692
195694
195544
195552
195542
195689
195702
195701
195548
571169
571160
571162
571159
571168
571171
571164
571170
571163
571165
571157
571167
571166
571158
571156
571161
571173
571172
562648
562642
126092
149894
149895
668636
668637
668639
668635
32438
246872
246842
246881
246804
246718
246745
246758
246822
246834
246846
246865
246933
246738
246740
246741
246742
246744
246747
246774
246777
246778
246780
246783
246784
246785
246886
246888
246889
246890
246891
246892
246893
246896
246899
246900
246902
246920
246922
246924
246925
246926
246928
246931
246936
246716
246719
246720
246723
246724
246737
246725
246739
246743
246746
246748
246751
246752
246771
246754
246756
246757
246760
246769
246772
246799
246776
246779
246782
246788
246789
246794
246792
246790
246796
246805
246798
246813
246800
246801
246802
246803
246806
246807
246808
246809
246821
246810
246811
246824
246825
246828
246830
246831
246836
246838
246843
246844
246848
246860
246851
246852
246853
246856
246857
246859
246858
246861
246862
246863
246864
246867
246866
246869
246868
246871
246870
246873
246917
246877
246878
246879
246880
246884
246885
246894
246898
246901
246905
246906
246907
246910
246911
246919
246921
246927
246930
246934
246729
246733
246734
246753
246759
246761
246762
246763
246764
246765
246766
246767
246837
246839
246841
246847
246849
246850
246786
246909
246913
246829
246728
246768
246773
246787
246793
246797
246814
246816
246817
246818
246819
246820
246823
246826
246832
246874
246882
246903
246904
246908
246912
246914
246916
246717
246721
246726
246732
246736
246781
246840
246932
246750
246827
246887
246845
246731
246727
246715
246883
246923
357944
358231
357949
358222
358234
357931
357934
358210
358229
358232
358233
358235
358241
357945
357947
358238
357913
357904
357908
357912
357914
357915
357916
357917
357920
357923
357925
357927
357930
357932
357936
357937
357942
357939
357948
357950
357951
357952
357953
357954
357956
357967
357958
357959
357963
357968
358208
358211
358212
358214
358215
358216
358220
358227
358223
358224
358226
358228
358230
358237
358236
358240
357946
357957
357902
357905
357906
357907
357909
357910
357911
357929
357933
357935
357938
357940
357941
358213
358217
358218
358219
358221
358225
357919
357921
357922
357924
357960
357961
357962
357964
357965
357966
358209
357903
357918
357926
357928
357943
358239
357955
247472
247473
247474
247476
247480
247481
247483
247484
247487
247488
247485
247486
247489
247491
247493
247497
247498
247479
247469
247471
247477
247468
247470
247475
247482
247490
247494
247492
247496
247467
247495
247478
358094
358001
357970
357975
358030
358137
358186
357989
357987
357988
358110
358113
358087
358067
358068
358101
358103
358106
358160
357982
358112
358114
358012
357969
357973
357976
357978
357980
357981
357983
357984
357985
357986
357990
357991
357992
357993
357994
357995
357996
357997
357999
358000
358006
358008
358010
358013
358133
358017
358019
358018
358022
358049
358032
358034
358041
358102
358042
358043
358045
358044
358046
358047
358050
358051
358082
358054
358056
358058
358066
358070
358072
358075
358078
358085
358086
358088
358089
358092
358098
358100
358104
358105
358107
358108
358109
358111
358116
358117
358119
358121
358135
358122
358123
358124
358125
358126
358128
358130
358131
358138
358139
358140
358141
358143
358148
358151
358155
358156
358162
358166
358167
358168
358170
358177
358172
358173
358174
358178
358188
358190
358179
358184
358187
358189
358191
358192
358197
358199
358201
358202
358203
358204
358207
358252
358243
358242
358246
358247
358248
358249
358250
358251
358253
358255
358256
358258
358262
358263
358267
358268
358269
358273
358275
358274
358090
358091
358093
358095
358096
358097
358099
358132
358134
358136
358142
358144
358270
358276
358277
358175
358129
357971
357972
357974
357977
357979
358011
358014
358015
358016
358020
358021
358024
358025
358026
358027
358028
358029
358031
358033
358035
358036
358037
358038
358039
358055
358057
358059
358060
358061
358062
358063
358064
358065
358069
358071
358073
358074
358076
358077
358079
358080
358081
358083
358084
358115
358118
358120
358127
358145
358146
358147
358149
358150
358152
358153
358154
358157
358158
358159
358254
358257
358259
358260
358261
358264
358265
358266
357998
358002
358003
358004
358005
358007
358009
358040
358048
358052
358053
358161
358163
358164
358165
358169
358171
358176
358180
358181
358182
358183
358185
358193
358194
358195
358196
358198
358200
358205
358206
358244
358245
358023
358271
358272
247551
247545
247571
247568
247572
247575
247569
247574
247578
247913
247917
247915
247918
247589
247588
247592
247886
247891
247897
247898
247901
247921
247923
247924
247905
247909
247938
248008
247929
247964
247965
247968
247969
247970
247971
247982
247984
247500
247504
247505
247507
247509
247511
247516
247512
247513
247514
247515
247517
247519
247521
247520
247523
247524
247526
247527
247528
247529
247531
247535
247536
247537
247538
247539
247547
247540
247543
247544
247548
247549
247553
247561
247562
247563
247564
247565
247570
247566
247567
247573
247576
247577
247579
247586
247581
247582
247583
247584
247585
247587
247590
247591
247893
247887
247888
247889
247890
247892
247894
247896
247899
247900
247902
247903
247904
247906
247907
247908
247911
247910
247912
247914
247916
247919
247920
247922
247925
247933
247926
247931
247927
247928
247935
247940
247941
247943
247949
247948
247951
247953
247956
247955
247962
247981
247961
247966
247967
247963
247972
247973
247974
247975
247976
247978
247977
247979
247980
247983
247985
247986
247987
247988
247993
247989
248001
247990
247991
247994
247992
247997
247998
248005
248007
248011
248012
247542
247501
247503
247506
247554
247555
247556
247557
247559
247560
247934
247936
247939
247942
247944
247946
247947
247950
247952
247954
247957
247958
247960
247995
247996
247999
248000
248002
248003
248004
248006
248009
247932
247937
247945
247525
247532
247534
247499
247502
247508
247510
247518
247522
247530
247533
247546
247552
247580
247895
247930
247959
248010
247558
247550
247541
247885
358297
358306
358335
358336
358339
358341
358342
358343
358327
358280
358286
358287
358289
358288
358290
358293
358295
358298
358303
358307
358311
358308
358310
358312
358313
358315
358316
358317
358319
358320
358321
358322
358323
358324
358325
358326
358328
358330
358329
358332
358331
358334
358338
358333
358337
358340
358344
358347
358348
358355
358349
358351
358353
358362
358358
358357
358363
358365
358370
358372
358373
358278
358279
358281
358282
358283
358284
358285
358291
358292
358294
358296
358359
358361
358364
358366
358368
358369
358318
358309
358314
358345
358346
358299
358300
358301
358302
358304
358305
358350
358352
358354
358356
358360
358367
358371
164126
164142
164124
164127
164141
164125
164123
164122
164139
164128
164129
164130
164131
164132
164133
164134
164135
164136
164137
164143
164144
164145
164146
164140
255814
68373
176098
38002
41618
38000
38001
37999
39557
39665
195149
547577
645568
555995
161711
216420
51382
30188
30189
30190
30191
555609
509535
167810
516076
400859
564806
500807
465558
223140
195333
195334
90050
340951
349709
320921
320922
320920
320919
320918
621847
274163
274164
274168
274167
274170
274172
274169
336326
195281
195272
195277
195280
195275
195273
195279
195276
195278
195274
195282
195284
195283
330651
648904
25438
621848
447817
62605
