253440
519577
96951
99637
647500
553186
368667
368666
121885
121929
524624
368670
249529
570584
193913
332384
383743
330822
330820
237298
425508
425630
332383
425396
425384
425619
425838
425621
425397
425851
614700
614698
688905
688906
688907
424679
253972
616519
336755
276471
182793
412819
187564
639226
346857
383191
639218
237154
237149
666988
128160
680686
418436
572307
46671
46672
376784
419499
437008
612959
613970
460120
410235
646275
420925
113207
691642
102857
646276
672063
681645
399222
659635
691635
547533
505815
591079
231938
690514
217798
244936
259647
448123
254873
448124
345329
346861
437207
216737
525239
364776
362945
368672
368665
368671
368668
259616
652466
316614
536960
251552
251559
681404
366613
389372
420654
420657
420652
420653
420658
194953
194952
644880
644878
666987
425625
425869
618817
425623
236906
197251
425624
425502
534554
22878
438034
496171
487152
468438
560942
675243
381553
612515
612508
65271
