253440
54281
519577
96951
99637
647500
553186
368667
368666
121885
121929
524624
368670
654684
249529
249533
644881
644879
570584
193913
332384
383743
330822
330820
237298
425508
425630
332383
425396
425384
425619
425838
425621
425845
425844
425397
425648
425628
425851
425398
380435
522221
614700
614698
688905
688906
688907
556122
592409
424679
253972
616519
336755
276471
182793
412819
241083
187564
639226
346857
383191
470090
639218
113179
237154
237149
666988
128160
669623
680686
113186
631451
418436
465453
572307
213729
46671
46672
376782
376780
376787
376785
376783
376784
536962
197253
419499
437008
612959
613970
460120
619046
410235
646275
527436
420925
113202
113206
113214
113207
113203
113204
515038
106015
556397
691642
102857
642017
415275
646276
672063
215190
215188
681645
399222
509182
246497
182859
659635
691635
547533
505815
559375
591079
241672
231938
690514
217798
325187
534681
113205
244936
442679
235530
259647
328975
545957
458857
376789
448123
254873
448124
345329
346861
437207
216737
525239
364776
362945
368672
368665
368671
368668
259616
652466
316614
536960
251552
251559
515042
681404
659560
551451
366613
389372
420654
420657
420652
420653
420658
194953
194954
194952
644880
644878
666987
425625
425869
618817
425623
236906
197251
425624
425502
534554
22878
75006
438034
496171
487152
468438
560942
438001
675243
675266
213974
381553
612515
612508
612493
447481
65271
648930
