253440
54281
519577
96951
99637
184956
688745
212969
425242
425243
647500
553186
368667
368666
121885
121929
524624
368670
236903
524625
592392
519073
379914
654684
249534
249535
249531
249530
249529
249533
249536
249532
515040
644881
644879
570584
260779
664887
193913
332384
388916
254228
147243
383743
194974
623436
330822
330820
237298
425655
425620
425859
425508
425630
332383
425862
425866
425495
425396
425384
425837
425619
425838
425385
425621
265569
425394
425845
425844
425397
425648
425647
425388
425491
425498
425499
425629
425382
425628
425851
425836
425627
425398
425530
380435
522221
257029
614700
614698
688905
688906
688907
556122
519132
592409
424679
535073
244935
584878
614697
253972
683165
616519
336846
512816
631924
336755
276471
432902
182793
330391
412819
412818
241083
628539
650639
474486
640792
184955
330414
187564
639226
639227
346857
383191
616811
470090
33460
669618
639218
631450
644421
113179
237154
237149
666988
128160
275403
553185
669622
669623
689448
689445
515006
680686
113186
470086
341608
647558
631451
528734
418436
465453
572307
213729
521769
127592
46671
46672
251551
522191
523952
319499
319689
319692
376782
376780
376787
376785
376783
376781
376784
383476
347567
376786
536962
640610
581439
219245
437159
383470
622829
457733
197253
647561
322974
647559
647560
686205
563641
591102
470050
470091
361108
136939
396421
679528
671910
441872
419499
623278
437008
612959
613970
671909
524590
460120
515417
470519
647885
619046
591103
527488
410235
514956
646275
527436
640609
420925
134922
113202
113206
113214
113207
113203
113204
554251
515038
106015
631989
515041
512337
512803
679511
536201
462077
556397
691642
632734
514174
568563
102857
683814
442493
667592
537242
683813
551484
642017
415275
418182
646276
512630
652336
95570
427334
568562
672063
215190
215188
681645
162539
162538
113213
537766
399222
509182
246497
672376
182859
228940
234267
659635
691635
381299
547533
690515
505815
559375
591079
241672
241673
241719
241720
231938
647886
690514
219557
217798
187563
325187
534681
579562
113205
244936
319693
442679
221169
235530
259647
330636
328853
328975
379460
666279
545957
458857
545956
376788
376789
448123
254873
448124
584596
342463
367435
613055
415276
260828
383474
383475
381300
381301
659979
626279
345329
197252
522673
346861
437207
365175
216737
345744
631925
525239
235628
364776
362945
368672
368665
368671
368668
328048
340167
259616
441873
558060
652466
316614
315911
536960
251552
251559
418266
515042
427333
521560
326492
568561
335482
335483
681404
659560
551451
332695
332771
535076
366613
343389
389372
377003
393773
395543
568564
95090
650969
191194
420654
420656
420657
420652
420653
420658
194953
194954
194952
194951
92619
644880
644878
439474
666987
536553
425625
491846
675361
505519
425869
618817
607819
425622
425623
236906
474141
474142
143929
197254
197251
425509
425624
425494
425502
425858
425857
534554
264839
22878
75006
277266
316929
132831
438034
505518
144007
419064
496171
76977
31057
377152
219273
487152
468438
201988
76979
76975
560942
482755
438001
675243
675244
675266
213974
39435
381553
612515
612508
612494
612488
612484
612481
612479
612482
612483
612487
612493
447481
65271
438002
410779
438114
648930
463802
463800
463798
463612
581671
