532235
424356
520846
535066
633207
557196
546480
546159
586936
275845
639552
639553
347578
84128
393631
387514
697513
67261
444044
188195
553919
397568
428536
53390
634695
435160
522731
98120
53391
528624
592928
683278
474193
608969
15691
527846
56499
56498
162754
552694
469364
106954
573020
164204
460080
101887
18757
18756
18755
515609
522173
444999
625331
697270
84687
135561
336324
83527
15692
46635
59183
73019
44396
651213
34949
34948
13595
91741
379824
689173
52789
666728
269762
269763
560862
457513
91693
149376
390320
342361
59487
222688
109439
584929
591364
645351
405125
62028
476163
197730
120807
413321
477340
329844
7384
182325
650625
320793
347426
613268
111405
241947
56391
523962
551527
191169
693126
546238
36988
624784
66414
630650
112340
533570
150003
350454
346590
113608
191329
547690
94847
52130
237028
511282
242851
106973
157227
548385
249962
35229
