189795
399744
532235
519272
99644
489899
83527
17970
15692
18756
18755
18757
67261
15691
15689
535066
633207
546480
581637
241978
241974
32834
474193
444044
54627
520846
586933
586936
586935
404139
579104
188195
546482
13595
53389
527846
553919
13596
515609
685729
53520
388728
53390
53392
467958
31836
523970
424356
571243
573145
573144
53391
488318
688465
668916
522173
391437
52789
444999
625331
523987
127009
328553
200395
431593
504655
546159
583031
232424
394025
71964
697270
557196
278868
277494
666728
364300
545395
608969
639552
639553
473572
397568
688466
567673
582028
197420
634612
83686
624652
457513
274435
567671
523906
278871
278872
347578
191505
689552
238878
529790
447819
414401
630061
653742
627785
269762
269763
691588
275845
197428
660414
317741
52085
581724
197425
197423
18664
428536
275236
689173
641067
577577
240342
99193
187201
475782
237499
84128
634888
17212
462889
466838
466953
466955
467024
238347
687984
577576
212810
570247
570245
570246
85160
368538
84687
560862
346460
466954
376813
548629
614194
466956
393631
395539
673960
135561
669223
670327
387514
637081
674108
670038
674661
541955
531573
273821
584929
77624
407737
320227
639801
424288
76884
580325
320884
504985
82845
429590
76882
572768
467463
384548
378209
184950
345143
345147
345148
345150
345152
345141
345142
345149
633986
663997
639120
632722
656165
557211
693451
336324
234334
407740
366324
469364
577608
685019
541800
381283
376814
233196
577575
325588
72530
345139
577578
578135
677142
697513
584948
82026
120325
513903
60968
407672
106973
109440
109441
46635
59183
45105
118897
46643
94184
94183
73018
73019
44396
67833
91552
97603
265107
156117
156118
156119
117147
52868
431374
651213
513177
387887
238296
237028
671426
34949
34948
91741
91545
345601
379824
32655
32654
67260
66958
521386
521385
511950
502204
653534
56499
56498
149376
511282
390320
540731
388729
346536
342361
573020
59487
634711
351606
222688
191878
191877
393778
351605
18930
460080
260962
186944
242851
555210
418119
615001
560558
109439
514581
269420
591364
645351
161877
437952
346844
338760
104333
581646
581651
581648
581652
581650
581649
512332
579002
157227
69046
405125
62028
650627
266754
164203
577573
33985
176113
197730
384080
439404
19551
100372
120807
162754
381721
27399
111403
413321
630650
503206
477340
353968
27061
27062
36751
132344
409291
234893
363110
552694
363109
363108
381718
164204
472818
315975
329844
182325
421587
347982
478014
478015
7384
350692
436439
579253
626733
518685
32394
65487
238883
574139
316606
656379
634695
555211
320793
581609
692921
407762
474496
347426
348138
380021
346747
522731
365848
650625
55367
402826
130460
476163
83303
91693
435160
35873
587721
583855
658412
613268
407624
176124
548385
55865
93681
241947
505684
18675
101887
93682
111405
666729
414986
396162
653743
98119
569543
98120
56391
275677
319011
392887
323039
478004
683231
683230
394333
574328
70987
272998
130459
62021
479827
668940
128858
128857
414412
414408
414406
523962
191169
679095
271007
551527
66063
102716
509386
366516
331374
693126
528624
592077
546239
632408
521271
519047
625311
388464
73312
641226
81431
249962
579254
475069
546238
518677
35233
79538
22109
140211
376479
348264
259308
529549
641766
244764
244717
36989
36988
57320
130458
268964
268962
268959
268961
268953
268957
387452
624784
592928
636088
645956
683278
640138
438131
645960
645957
346430
34379
66414
587749
102046
97120
99683
440808
108241
117748
466648
73298
112340
81723
580603
323259
631043
484490
81733
390185
466957
466949
533570
392988
275871
169620
682956
565099
350454
269084
167884
176096
156017
58236
23126
19824
242506
95491
106954
654981
150003
81727
672328
671448
346590
639818
570811
394122
191329
478549
516860
394966
405348
405350
405349
476057
166262
166261
655710
274620
516862
548095
353969
34574
507844
507842
507840
507845
507837
507838
507834
507841
507839
507843
17355
18606
18607
18608
18676
91995
653741
547690
95490
164202
50587
113995
113607
113608
117077
388468
76883
65288
361542
516864
516863
54631
524069
554662
583755
623280
686375
554661
168888
337143
35229
35230
214453
269215
269210
351273
41497
51643
9892
17347
17348
17354
696436
93683
94914
94847
644990
110878
141785
581577
155026
52414
585658
524070
519648
624733
554664
637289
562247
396942
629578
583736
442969
335446
688719
244021
584432
37227
570128
73424
268222
615489
468523
52128
17352
17353
17546
20572
20571
19959
95068
412942
614297
151241
179934
582427
323260
684742
684743
466948
684737
33889
684740
684736
696668
684739
684741
696667
696669
52130
696670
467019
332571
202495
202496
33890
592650
638916
149493
618329
348777
584839
585824
536932
352908
531960
618304
91901
105360
639110
641752
648073
572616
608736
608770
608959
561478
572323
434357
646422
389201
662103
677259
434310
640302
631990
640903
