577844
353275
553996
182734
611213
611048
331873
427705
164229
170080
161423
166941
179336
153470
469140
455428
418442
516103
519614
251254
269556
269547
269551
269548
269555
269552
269546
269554
269557
269545
269550
269553
269549
132908
535097
654728
132907
241138
399362
234106
456099
669489
174426
152508
248140
563872
204535
260801
165570
153562
237930
169574
164841
156941
185242
172461
200431
199521
196556
368109
202127
441687
245188
414279
426277
182725
505481
663688
331236
581332
582038
165095
582350
157565
396337
18707
79641
444092
