423445
516434
101843
423451
423453
423452
256013
408254
327446
221869
468439
469588
386994
217608
411018
547056
418112
88490
533986
350656
387567
466496
100207
667477
223273
223272
221934
37245
94005
91743
91742
94001
693693
540624
639257
162099
162098
179710
261558
125982
508723
508724
161707
508717
508718
508716
508719
508722
179707
462169
76602
76488
76513
76527
76528
76642
76661
76674
76516
76601
204498
137108
20104
482793
482794
149094
140140
140142
172456
191396
191395
482791
667166
50421
100205
483810
36054
164344
7886
85423
400665
136053
76525
76489
467543
467544
467540
162200
19992
467539
467541
467542
467537
24575
188476
76512
515791
98877
465907
162198
467538
465805
653386
