423445
516434
101843
497122
423451
423453
423452
256013
408254
327446
221869
468439
469588
386994
493858
217608
411018
326532
547056
418112
88490
533986
350656
387567
686051
466496
100207
667477
223273
223272
221934
181454
37245
94005
91743
91742
94001
693693
540624
639257
18407
162099
162098
187210
179710
179709
179711
179706
261558
125982
339321
508723
508724
161707
508717
508718
508716
508719
54283
277014
508722
179707
462169
76602
76488
76513
76527
76528
76642
76661
76674
76516
76601
693694
320224
56875
204498
195858
195857
137108
198061
20104
198112
193056
349056
482793
482794
206034
206033
206035
206036
197851
197850
149094
140140
140142
172456
24080
191396
191395
618079
24079
482791
477553
667166
50421
100205
483810
36054
353060
164344
7886
85423
203654
236819
400665
18697
136053
76525
105352
76229
76489
467543
467544
467540
162200
19992
467539
467541
467542
467537
24575
206031
188476
515722
515724
515789
515790
434420
515787
515785
515784
76512
546241
515791
98877
465907
23098
162198
162197
204197
515725
515721
515788
515730
467538
465805
515786
71329
447500
653386
676833
676964
177028
177029
177027
