180156
244254
512142
474404
608806
627179
132175
185077
622408
622322
216099
477825
212459
322231
345313
209766
57547
68611
56918
679734
619055
259629
332121
651636
659890
51646
640105
622774
635155
521959
635179
634923
643046
577269
575666
340167
689049
689050
634922
689101
67823
23273
23274
382267
635128
634926
634793
635077
404365
651747
538772
337095
610983
370972
336649
444660
670639
541575
563983
689048
397653
689047
608158
608157
253750
332456
691848
691847
691846
387205
370157
183894
103026
676215
652964
659258
274474
387192
572663
405422
156480
141239
408069
405420
671909
671910
670638
670762
639435
381300
381301
269405
593973
442636
350535
639531
126522
443424
443423
443426
443425
634774
634786
352152
401036
545930
404363
659257
515515
401035
640687
639530
555264
350849
648499
350536
392225
686106
323640
401823
269406
436176
401779
442637
343759
264343
690407
475867
270288
270293
270292
270294
270295
270287
581181
383022
259653
651658
561552
530370
669174
370158
325573
690405
615736
508974
367172
167804
259176
272196
95079
330721
458110
352765
262590
677788
262589
253963
691642
545031
393773
669175
569344
36403
682530
579091
680644
672230
465711
246272
443376
659259
465712
326270
524592
631402
361655
68989
218116
643047
634721
648844
456127
513519
362949
220374
580527
662555
659260
574692
574691
574690
267477
593119
535879
316734
69020
201078
613303
535760
127522
133087
170538
463901
634874
391110
173573
252799
535765
135160
435462
680647
680646
512208
512207
40723
42542
347331
347332
51551
420843
435354
397570
363727
82489
82493
681562
367996
319342
654419
528599
662049
391210
672259
274539
523849
523843
523848
523319
423644
36942
144560
42284
143972
124495
442640
169227
180729
424404
348301
348298
348300
348299
513326
513324
633263
668622
167645
201091
342182
535878
76574
76575
520291
532767
532771
180617
690179
537270
532773
638670
690180
523844
523847
522665
51899
654229
324045
444514
667198
521275
54898
150199
532772
537268
187356
212196
252694
212198
252695
270376
270996
270374
270375
270373
520290
535383
252698
252699
462496
165844
403927
403926
507700
506597
506019
361088
380495
361169
275698
161974
640299
505855
505320
440621
513528
513525
513518
333444
393702
223093
51553
641795
505693
398175
462736
166027
85051
645851
476244
505212
528240
24606
360504
463798
22415
411932
413200
35049
35050
623004
51898
22723
22727
347699
245474
179091
319778
376375
625118
648133
410949
444045
672931
448716
448717
331598
398055
369586
397571
669334
325811
253702
424918
395458
396341
413722
416705
631583
614438
632224
423299
612854
212185
212184
628264
181090
401827
338228
263764
263768
263752
197715
436058
22122
22117
22118
22121
22110
22113
22115
22119
22120
22114
22041
22111
22112
22116
22123
22044
259602
251657
439272
240533
348511
406095
406096
50860
50859
468438
474546
474543
319752
670759
680467
670761
695939
670760
683275
463802
463612
258361
73734
465693
74354
609828
669331
629576
251459
241730
342643
342176
241735
251656
241737
241733
241732
241731
345593
433657
414291
190003
629575
455873
274914
274913
362946
401033
423449
675616
511008
344920
260759
647258
652968
188153
366250
240560
463991
464191
477999
240565
51413
22730
231676
262518
609552
677207
686764
684164
241918
265356
403414
276465
350500
417387
457033
212191
212189
212190
212192
212193
212188
401038
401034
675614
678051
696464
678050
256675
193643
276943
276464
320244
150201
127364
150200
425530
113349
113348
185991
256874
401565
401570
212183
184626
636267
686766
372082
448724
180730
168744
180895
166116
181103
179605
424757
435143
231677
263824
263845
263844
675615
455400
670758
495391
494070
242824
253888
539585
346658
518548
544347
657066
395686
663372
541281
531233
530733
529918
528604
529092
529240
330597
534681
534278
532878
370374
646827
535883
536555
96951
513920
649271
513516
513520
513512
345950
98022
608151
465692
659598
135208
135209
22043
516853
545701
424972
666279
580050
338675
530835
551451
607819
562128
561553
361055
578607
578608
578609
524029
522881
522989
545956
567915
473699
273841
257421
570740
570760
462734
353180
213755
564439
563504
553247
553246
436057
545957
547914
613970
547175
268801
345947
319750
639285
555241
566865
629574
413723
536962
529603
564956
564954
348328
380207
582524
240563
400674
538952
582945
648930
648440
638909
525293
457555
387448
393484
35046
628968
639284
462493
535076
594096
593121
268802
462494
423450
495302
648786
649848
167677
105395
251428
401778
65271
44790
651297
614610
651346
593810
500602
507935
377155
432853
426830
376833
361131
376174
435100
405149
436137
402369
422082
407444
418492
459801
274347
274360
619092
21245
345176
203286
657020
678954
274357
346419
274361
274362
274363
274354
274355
167366
680631
394689
136453
363006
363007
650704
321075
402725
85644
402726
274356
426886
680729
685985
321076
522561
234243
185118
32936
157651
138397
91226
680630
654208
258165
635747
479378
479379
391456
420825
90000
102853
617589
435736
95843
593803
489564
67704
63748
509105
396466
334440
372563
387084
439452
678154
6495
89681
656504
189792
579673
593804
42051
627081
263526
528891
512184
382897
111001
646285
194746
50911
571480
59339
620109
62057
382737
42695
51897
223052
9921
534431
18021
149370
28808
17811
76914
110688
137978
258163
512862
536442
39496
211938
211937
211939
124389
686999
344684
169632
521767
354027
35492
64205
75701
455088
539720
512859
76997
613933
94016
94017
94020
94021
94014
94015
94019
71997
76976
114640
242594
137882
677027
212144
698331
241015
252703
76998
465646
241014
22920
22911
22912
241010
241011
252702
514213
512385
72259
178686
267279
24334
541374
686794
623672
623792
66402
638046
197252
634925
253972
93328
660967
321451
124494
395732
166096
326254
103388
108379
134889
216532
394683
615894
195739
324409
156984
475626
454874
42965
360627
317471
317470
27520
633793
328176
553920
326350
135654
451737
121550
121549
96917
328272
399029
204365
515777
107220
30307
32295
260853
454871
145081
269002
666729
192746
485402
125676
590086
125675
125677
23241
98823
101990
275695
514242
98119
583604
384473
513501
513499
512384
139321
63737
81798
98824
72858
98821
273330
125813
512183
468980
460300
95528
514711
647511
274584
139980
217739
268768
136592
275696
268797
612812
674614
623673
617279
617125
