482213
482212
654167
275970
479237
424598
627808
115239
259523
516076
79377
391806
522195
261548
426938
385876
163059
399686
673816
646180
486243
486246
172559
120933
120715
172563
172564
120689
120690
120688
120687
172565
120691
120693
120692
172557
172556
149091
119542
115383
560802
560803
560821
560822
560823
560825
560828
560830
560832
560833
560845
560849
560850
560852
560853
560799
560797
560796
560798
560826
560800
560801
560842
485601
485616
485872
485610
485615
485884
485626
501982
485595
501983
339957
485803
560793
560836
560837
560790
560792
560786
560794
560791
560788
560789
560787
172560
172554
172555
560854
560804
560805
560806
560807
560808
560809
560810
560811
560812
560813
560814
560815
560816
560817
560818
560819
560820
560824
560827
560829
560831
560834
560835
560838
560839
560840
560841
560843
560844
560846
560847
560848
560851
560855
560856
560857
560858
560859
560860
560861
485831
484874
553421
485883
485687
485688
485696
485818
485807
485811
485812
485821
485827
485882
485886
485931
485809
485810
485817
485820
485825
485826
485828
485830
485693
485822
484812
485593
485694
485800
485806
485813
485880
485885
485686
501986
502028
501984
502010
485695
485685
485887
485598
560785
484696
484694
172562
441068
484690
484686
484688
178092
402416
255223
560795
325766
197341
650306
187047
187033
187036
187037
187042
187052
187053
187040
187044
187046
187041
187043
187038
187034
187035
187039
187045
187051
232492
143981
368509
172558
667464
88506
75243
485805
68964
484695
368497
333711
626573
172861
172859
172860
172862
571304
172863
557281
28445
200171
686865
58669
689115
67317
67316
172858
403672
507025
27355
27356
27354
26776
618422
618427
618421
618420
618413
618419
618425
618429
618416
618424
618423
618412
618415
618417
618418
618414
618428
128340
27357
27353
521641
648697
671510
9290
646053
333718
333725
333724
333723
333722
333714
333712
333715
333716
333717
333721
333713
333719
333720
537679
610237
610231
610232
610230
610233
610234
610235
610236
610238
610239
610227
610229
610228
683932
