482213
482212
173891
654167
275970
149254
479237
628376
424598
73277
627808
115239
115243
259523
115242
516076
79377
391806
653754
522195
615603
368652
261548
261549
261547
620559
38519
426938
385876
163059
399686
117889
673816
646180
486243
486246
544010
172559
337940
120931
120932
120933
120715
172563
172564
120689
120690
120688
120687
172565
120691
120693
120692
172557
172556
149091
119542
115383
560802
560803
560821
560822
560823
560825
560828
560830
560832
560833
560845
560849
560850
560852
560853
560799
560797
560796
560798
560826
560800
560801
560842
485601
485616
485872
485610
484838
485615
485884
485626
501998
501989
501982
485595
501983
501980
501981
485619
484876
339957
502031
485803
560793
560836
560837
560790
560792
560786
560794
560791
560788
560789
560787
172560
172554
172555
560854
560804
560805
560806
560807
560808
560809
560810
560811
560812
560813
560814
560815
560816
560817
560818
560819
560820
560824
560827
560829
560831
560834
560835
560838
560839
560840
560841
560843
560844
560846
560847
560848
560851
560855
560856
560857
560858
560859
560860
560861
485614
484689
485831
484874
553421
485883
485606
485875
485865
485687
485688
485696
485818
485807
485808
485811
485812
485821
485827
485836
485859
485866
485877
485878
485882
485886
485931
485603
485801
485809
485810
485817
485820
485825
485826
485828
485830
485833
485861
485864
484875
485693
485822
485876
484812
485593
485602
485694
485800
485806
485813
485857
485880
485885
485686
501986
501987
501994
502012
502028
501973
501976
501977
501993
502002
502004
502008
502101
501984
502010
502097
501975
501985
501999
502003
502030
485695
485685
485887
485598
560785
484711
484696
484826
484837
484694
484831
172562
441068
484690
484285
484686
484688
485625
485578
485597
484692
178092
402416
667467
255223
485624
560795
325766
197341
650306
187047
187033
187036
187037
187042
187052
187053
187040
187044
187046
187041
187043
187038
187034
187035
187039
187045
187051
484871
172378
232492
191746
191747
143981
169235
368509
172558
667464
88506
75243
485805
68964
484695
368497
333711
452410
451137
626573
516509
172861
172859
172860
172862
571304
172863
585084
557281
320010
484286
62016
168978
368498
28445
200171
686865
58669
627806
689115
117128
117130
325900
67317
67316
117133
351572
172858
117129
186941
165248
165247
403672
507025
27355
27356
27354
26776
618422
618427
618421
618420
618413
618419
618425
618426
618429
618416
618424
618423
618412
618415
618417
618418
618414
618428
128340
27357
27353
521641
410374
184474
423825
465794
507595
507597
507604
507620
507579
648697
671510
9290
157310
64489
38032
646053
333718
333725
333724
333723
333722
333714
333712
333715
333716
333717
333721
333713
333719
333720
537679
610237
610231
610232
610230
610233
610234
610235
610236
610238
610239
610227
610229
610228
683932
141441
54169
627807
438479
16972
467185
120571
17541
