527664
529535
237729
330644
330643
394921
689413
689414
646467
39510
341944
639831
423610
360341
581122
341941
39885
657372
243614
105086
105087
426861
426862
248121
353025
39879
400383
58253
58249
617427
441835
54956
196030
78383
351388
351395
351384
351386
351396
351387
316563
241292
536261
400191
39875
273449
39892
96504
562829
398207
169534
238302
576041
39891
620489
276926
398591
169286
169231
535057
613275
348152
73267
398206
446059
319777
437469
347817
58507
640004
316611
238715
473999
62856
427793
78656
368709
196032
196035
158692
515696
647068
647067
221317
98185
617692
259649
447809
52857
468023
294447
546522
553813
414048
264113
213931
262673
350598
350597
619052
419050
419051
574687
527186
534363
639717
521096
635121
317483
151447
238563
620529
523052
519074
362138
530183
682472
74217
671587
125151
530184
195529
635102
514138
514143
514142
532089
264825
124721
56745
156872
237727
321510
392485
641055
321509
681623
474387
575558
645918
643460
515818
447499
35212
592221
696644
239494
431731
268578
647148
53674
53673
528137
122060
237541
73182
242923
242925
242924
679037
344609
319565
643069
643068
643066
553512
213030
213017
52417
436054
402551
402550
402546
37207
51475
52419
258262
351227
53672
88568
58743
409403
332539
460691
442125
402548
612183
572628
420979
624707
592484
48504
48505
48506
518352
575556
460690
523685
195598
435663
523684
244297
320886
435664
352755
242889
672066
620403
587000
625377
693265
341946
692938
199949
199951
199952
199954
614455
523905
39876
584276
584277
546229
160908
693540
349218
690030
681518
335727
335728
267550
267549
267551
690056
505294
476228
169158
17054
17058
17056
243782
610578
191719
16784
141529
553936
693926
76685
425311
128374
127977
565139
76684
501242
68456
322598
213016
41365
30303
583564
121574
531872
156873
2528
2533
2534
2524
2532
2527
2530
81389
81390
121570
121571
690039
158988
158983
158985
531873
76342
124548
574749
544653
693561
323393
121567
193405
556237
81388
276927
193409
172595
501243
274630
124588
440492
243504
115252
484156
484152
104521
522129
259234
115249
199673
522128
122090
122088
657394
147165
553378
57942
177478
367702
34765
438346
