218801
218799
218800
449409
447527
218805
218204
675010
69949
68462
68968
58304
58646
58645
66718
59682
59683
57911
57910
57862
57865
57863
59266
58827
499613
539128
218210
218211
218811
218807
396186
317463
527783
541895
546587
541866
541863
547896
560876
546235
218803
276973
218802
331596
211964
659800
659991
554057
663269
660288
662446
659628
663950
660164
660873
663146
659312
658651
657433
658376
646936
673727
121007
400698
608079
262762
276975
568316
560777
250749
421737
2684
435885
250748
62492
370993
71194
648855
508313
508317
508319
508311
508312
508315
508321
508314
508316
508318
508320
250147
388955
41662
110604
110605
15843
24280
24285
24291
148695
670776
416631
389401
565963
372910
169029
553948
688945
344082
338082
337128
683953
656016
655397
326910
315706
540481
187699
187692
187700
187694
187698
187689
187691
187685
187693
540352
187686
559026
566219
58098
58095
58096
576109
541888
541275
541753
548174
58086
543642
545851
128805
128798
128816
128803
128804
128797
128813
568315
236297
544916
560778
234354
591737
667649
442508
659028
523825
547451
660514
658529
657071
529680
529679
529681
529682
536638
556540
17562
167114
320800
48254
507217
68344
55726
55724
592441
592440
592439
592438
15685
55725
30170
141186
476232
476236
58671
423651
516693
516694
615550
462723
654067
449858
97771
97773
97774
97775
97776
97770
97769
97772
574212
68346
483595
126443
555723
173075
415307
415308
274821
476235
476234
610011
634754
426697
427576
426695
426696
426694
427577
555722
257580
371129
360845
422219
424673
424670
424671
424672
424674
420485
658817
507004
58492
628443
126446
628442
90057
82926
82824
82927
58493
82925
683104
371127
42218
13154
628440
82823
30266
58494
148413
148414
16029
698450
698451
415534
64366
64367
620548
620555
620550
620551
90054
620557
131928
474398
670001
620553
566172
140696
698099
102729
551467
102730
153456
670644
579403
579408
579390
579383
579376
579379
579362
579356
579348
579340
579338
579327
579357
579353
579349
579337
579322
579320
579325
579328
579333
579344
579354
579360
579358
579364
579369
579367
579372
579380
579385
579384
579401
579324
579326
579330
579331
579336
579341
579346
579351
579352
579366
579370
579374
579375
579378
579389
579392
579393
579395
579406
579332
579335
579339
579368
579391
579407
579400
579404
579396
579321
579329
