218801
218798
218799
218800
449409
447527
94564
218810
218805
218208
218204
429538
675010
69949
68462
68461
68968
58304
58646
58645
66718
59682
59683
57911
57909
57910
57862
57865
57863
57864
59266
58827
58305
75074
559323
127941
99187
211963
499613
539128
218210
218211
218811
218812
218807
396186
527326
317463
527783
541895
546587
541866
541863
547896
548171
218809
218203
560877
560876
546235
218803
276973
218802
563129
163503
218808
331596
211964
659800
659991
554057
663269
660288
662446
659628
663950
660164
660873
663146
659312
658651
657433
658376
640970
646936
673727
121015
120980
121007
121008
400698
664145
608079
565587
372329
372491
372490
372489
435638
262762
185375
185373
351418
41517
41520
41523
41519
41514
41512
41516
41515
41513
41518
41521
41524
41522
41511
576081
276975
568316
560777
250749
116153
421737
116234
507312
2684
628439
435885
449846
417692
250748
62492
147914
370993
486662
71194
648855
417325
663479
508322
508313
508317
508319
508311
508312
508315
508321
508314
508316
508318
508320
250147
54684
388954
388955
54693
41666
41665
41661
41663
41664
41657
41659
41660
41662
41658
54694
12508
13703
13705
13699
13702
13701
13708
442402
110604
110605
13711
13709
13710
13700
13706
442407
442404
13707
442408
13704
442405
442403
442406
14569
14568
14566
14564
14562
442401
348993
348992
348994
14567
442400
15840
15847
15846
15839
15842
14565
15841
15844
15845
15843
24283
24279
15715
24280
24285
24289
24292
24282
24281
24286
24290
24287
24284
24288
24291
476939
339982
456801
148695
670776
70210
70209
70208
470602
653928
416631
389401
633826
633822
633819
633820
633825
476233
633821
693197
441969
565963
201111
372910
586494
584332
57751
395293
573841
535366
15479
169029
553948
688945
344082
344843
338082
337128
653927
683953
251223
656016
654403
655397
326910
315706
315705
187697
187696
187695
540481
187699
187692
187700
187694
187698
187689
187691
187685
187690
187693
540352
187686
556316
559026
565590
79402
79403
79407
79405
79406
79404
163473
553146
163474
163472
163470
163471
163469
58113
58114
58021
79401
58112
566219
79408
58087
58088
58098
58108
58090
58104
58105
58107
58109
58110
58091
58093
58092
58095
58106
58096
58111
58089
58094
58102
58099
58103
58097
58101
576109
559213
556290
545931
58100
540357
541889
541888
541275
545933
541855
541753
545932
542270
542991
548174
546964
540501
542226
58126
58123
58119
58046
58049
58043
58053
58055
58118
58125
58034
58041
58124
58050
58062
58065
58076
58082
58127
58071
58077
58116
58115
58121
58033
58022
58029
58030
58038
58040
58036
58042
58048
58056
58060
58063
58031
58051
58028
58052
58026
58025
58023
58079
58058
58047
58039
58032
58027
58035
58037
58044
58045
58054
58070
58073
58086
58059
58068
58069
58024
58057
58064
58067
58075
58080
58122
58066
58074
58081
58083
58078
58072
58117
58061
58120
543642
545851
606979
606976
606974
606977
606978
606983
606985
606975
607114
606972
606984
128801
128811
128806
128805
128799
128796
128798
128800
128809
128816
128817
128808
128802
128810
128803
128807
128814
128815
128804
128812
128795
128797
128813
568315
568565
58085
606980
128794
58084
236297
277255
277257
277256
277254
277258
276974
544916
560778
234354
114702
591737
667649
442508
692041
659028
523825
547451
660514
658529
657071
671441
512151
529680
679358
529679
49860
49862
49858
49861
49863
495887
529681
529682
49859
536638
30174
30173
31023
633889
677232
556540
696525
677237
677235
677233
17562
167114
630652
175175
175174
175176
386755
320800
382211
677236
633888
671195
68459
48254
677234
320346
654725
331035
399556
399557
399559
399560
399554
399553
399555
399558
223725
223722
223723
223720
223721
507217
620069
633892
641032
68344
592437
55726
55724
633890
633891
592441
592440
592439
592436
592438
641033
15685
204525
210716
55725
58491
30170
141186
592442
690186
476232
476236
411794
58671
690185
423651
624419
516693
516694
615550
462723
654067
317518
404504
411431
444922
449858
32226
97771
97773
97774
97775
97776
97770
97769
97772
698549
642514
617586
614954
4654
574212
68346
483595
115670
115671
115672
101204
126443
562694
555723
173094
173075
30171
257579
75242
202968
176149
278215
54625
371135
30172
266003
415307
415306
415308
415309
415315
422047
416792
439438
494905
274821
476235
476234
610011
628766
634754
555911
58831
58829
58832
185770
467679
467649
467687
467685
467682
467667
467666
467656
467669
467654
467647
467655
467686
467673
467661
467675
467653
467688
467665
467683
467680
467651
467648
467660
467659
467658
467674
467664
467663
467678
467681
467691
467690
467684
467671
467670
467689
467650
467652
467657
467662
467668
467672
467677
44365
44364
467676
44367
44366
618511
689033
426697
427576
426695
426696
426694
427577
433766
433761
433755
433768
433765
433757
433763
433760
433756
433762
433767
433758
433759
433764
555722
115674
115677
41387
41386
21712
515720
257580
433754
270274
371128
371133
371137
371138
371130
371134
371139
371131
371136
371129
371132
30265
202787
360845
360725
341714
148611
41385
397995
415527
151866
422219
424673
424670
424671
424672
424674
420485
1178
658817
406047
698548
324974
324975
324973
324976
559921
559920
507004
628441
628438
669114
31320
31354
681738
523461
58900
58492
62114
681737
628443
116165
126446
126445
127548
628442
90055
90056
90057
81451
82825
82926
82930
82824
82931
82928
82927
82929
3471
3469
3473
3468
3470
3472
58493
82925
31353
245319
251053
251174
251017
251047
251014
251015
251030
251021
251038
251042
251050
251058
251090
251107
251167
251181
251184
251190
251054
251186
251176
251069
251165
251084
251026
251046
251049
251068
251080
251093
251099
251100
251104
251116
251018
251020
251022
251028
251031
251037
251040
251041
251043
251044
251045
251056
251059
251060
251072
251074
251077
251083
251086
251088
251091
251092
251098
251101
251102
251105
251110
251120
251122
251137
251172
251177
251183
251187
251189
251194
251180
251024
251029
251033
251034
251048
251063
251081
251106
251115
251185
251023
251095
251035
251070
251013
251019
251075
251032
251036
251057
251061
251062
251064
251066
251071
251078
251087
251073
251158
251076
251085
251094
251096
251108
251109
251111
251162
251168
251171
251188
251195
251039
251067
251055
251103
251112
251192
251082
251027
251117
251097
251051
251089
251052
251065
251016
251170
251152
251118
251119
251121
251123
251124
251125
251126
251127
251128
251129
251130
251131
251132
251133
251134
251135
251136
251138
251139
251140
251141
251142
251143
251144
251145
251146
251147
251148
251149
251150
251151
251154
251155
251156
251157
251159
251160
251161
251163
251166
251169
251173
251178
251179
251182
251193
251079
251114
251191
243472
683104
203389
382618
371127
345270
345271
329645
329644
72930
116164
334621
334622
334627
334625
334626
334629
334623
334628
334624
353909
353908
42218
13154
79714
396844
72557
681736
628440
429897
555549
464250
345272
251113
251025
82823
30266
426456
426457
90196
40866
587026
31009
12509
58494
120397
148413
148414
81403
82826
16029
215155
116166
698450
370990
370989
370988
698451
540479
110821
161316
415534
64366
64367
523462
620548
620555
620549
620550
620551
620554
91275
91271
90054
79719
17710
21607
173169
150428
620557
201156
201157
620556
344085
620552
344084
123034
145716
131928
607294
474398
469283
619253
670001
346425
456981
620553
566172
698550
465945
679471
509126
509271
622895
32556
32561
32555
32554
32558
32560
32557
38462
38469
38463
38472
38466
38465
38459
566171
584330
584335
140696
91277
91274
91281
91282
91279
164883
38460
161314
91283
32559
328993
698099
38464
91278
348217
91276
38468
649052
38467
38470
91280
38458
38461
38471
91273
273735
102729
656627
551467
581680
615088
615089
615090
615091
125443
125442
125444
140695
489896
234295
565974
175210
175209
175212
175217
175229
175204
175203
175207
175208
175213
175224
175223
175228
572480
175202
175226
175216
175211
175230
175215
434308
175214
175205
175227
175206
175225
608393
125441
125458
125459
102730
102728
17617
153452
153453
153454
153455
153456
615092
670644
579403
579408
579399
579394
579390
579388
579383
579381
579376
579379
579362
579363
579356
579355
579348
579350
579343
579340
579338
579327
579373
579357
579353
579349
579337
579323
579322
579320
579325
579328
579333
579344
579354
579360
579358
579365
579364
579361
579371
579369
579367
579372
579377
579380
579385
579384
579398
579397
579401
579324
579326
579330
579334
579331
579336
579341
579342
579346
579345
579347
579351
579352
579359
579366
579370
579374
579375
579378
579382
579387
579386
579389
579392
579393
579395
579406
579332
579335
579339
579368
579391
579407
579400
579402
579405
579404
579396
579319
579321
586997
579329
82187
82186
439596
439554
183766
183707
183709
183745
183747
183770
183771
183791
183798
183803
183808
183810
183813
183817
183793
183704
183723
183736
183739
183753
183756
183762
183764
183778
183780
183768
183769
183760
183779
183781
183790
183757
183815
183804
183806
183795
183796
183797
183750
183763
183748
183703
183710
183711
183712
183713
183719
183716
183720
183714
183724
183729
183734
183749
183735
183732
183751
183754
183752
183731
183761
183755
183765
183759
183776
183772
183782
183777
183775
183774
183787
183800
183802
183801
183799
183811
183805
183807
183819
183818
183705
183717
183706
183744
183737
183820
183725
183742
183773
183792
183726
183733
183738
183741
183743
183809
183812
183814
183821
183721
183730
183786
183789
183715
183728
183784
183822
183708
183816
183783
183767
183740
183722
183718
183758
183727
183746
183788
183785
183794
183067
182930
182955
182959
182964
182969
182973
182974
182981
182984
182987
182988
182989
182990
182991
182993
182995
182999
183000
183002
183003
183009
183006
183008
183010
183012
183013
183014
183016
183018
183021
183023
183046
183022
183025
183029
183030
183033
183034
183035
183037
183036
183044
183045
183047
183050
183052
183053
183054
183056
183057
183060
183064
183066
183068
182931
182932
182933
182935
182937
182939
182942
182945
182947
182951
182952
182954
182958
182963
182967
182970
182976
182975
182979
182980
182982
183072
183073
183074
183076
183077
183080
183081
183083
183084
183085
183086
183089
183069
183032
183031
183038
183039
183041
183042
183043
183062
183063
183065
183070
183058
183055
183048
183059
182956
182957
182962
182972
183040
182929
182943
182949
182997
182986
182994
183049
182966
182978
182985
182965
182977
182983
182996
183005
182998
183004
183007
183011
182934
182936
182938
182941
182944
182948
182950
182953
183015
183017
183019
183020
183027
183028
183078
183079
183082
183087
182940
182960
182968
183024
182946
182961
182971
183001
183075
183088
183051
182992
183026
183071
183061
