148353
148352
148351
148354
639847
427520
427518
568747
223847
219775
223850
238640
219770
219766
223841
223843
223852
219780
218186
219767
219781
219782
219779
219783
219773
219776
219772
219771
218187
370032
369868
368383
368384
368386
368379
368387
368378
347345
347348
347350
347340
219774
383406
79357
521760
27784
539216
537816
536895
391404
19748
19730
207828
19717
19723
71561
169206
21401
360617
424425
559341
391413
180622
195846
412709
393611
393590
393595
393587
393603
393601
393602
393609
393591
393594
393610
393612
393586
393589
393598
393606
393596
393592
393600
393607
393614
393615
403697
482811
482808
482816
72955
50617
502216
651781
651782
651779
651778
651780
113690
561806
473536
249505
614419
568610
545921
250983
397283
161533
502225
502227
502219
50385
539199
432784
428306
428307
428308
428305
428310
653577
196409
196405
196425
196433
196442
196444
196448
196459
196429
196438
196434
196411
196413
196414
196417
196450
196453
196455
196431
196415
196419
196423
196447
196421
196407
196427
196440
147246
335631
592087
614420
472590
482817
595676
595680
595679
595686
595675
595685
595687
595681
595670
3808
410853
414987
443206
621122
621116
621117
621123
621128
621129
621121
621118
621114
410847
417407
417408
415197
416351
416352
415794
415795
415798
415796
416738
419346
56099
56096
56098
417409
110316
99973
83912
46146
232886
442554
416354
56095
140212
523986
467726
581987
581863
581989
419344
419343
419342
468419
467967
377738
410852
33475
432783
3800
3802
3803
462255
446734
626954
71562
582012
581996
581993
581910
581908
581904
581926
581935
581943
581952
581973
581999
581921
581937
581887
441254
18688
266154
581888
92000
416739
416564
416565
416353
422049
419345
69000
76365
262675
437612
86801
71564
467964
467966
666561
627295
3804
3805
3806
3807
608391
77108
467968
71566
83750
85041
205514
109139
109137
109138
148353
148352
148351
148354
639847
427520
427518
568747
223847
219775
223850
238640
219770
219766
223841
223843
223852
219780
218186
219767
219781
219782
219779
219783
219773
219776
219772
219771
218187
370032
369868
368383
368384
368386
368379
368387
368378
347345
347348
347350
347340
219774
383406
79357
521760
539216
537816
536895
391404
19748
19730
207828
19717
19723
71561
169206
21401
360617
424425
559341
391413
180622
195846
412709
393611
393590
393595
393587
393603
393601
393602
393609
393591
393594
393610
393612
393586
393589
393598
393606
393596
393592
393600
393607
393614
393615
403697
482811
482808
482816
72955
50617
502216
651781
651782
651779
651778
651780
113690
561806
473536
249505
614419
568610
545921
250983
397283
161533
502225
502227
502219
50385
539199
432784
428306
428307
428308
428305
428310
653577
196409
196405
196425
196433
196442
196444
196448
196459
196429
196438
196434
196411
196413
196414
196417
196450
196453
196455
196431
196415
196419
196423
196447
196421
196407
196427
196440
147246
335631
592087
614420
472590
482817
595676
595680
595679
595686
595675
595685
595687
595681
595670
3808
410853
414987
443206
621122
621116
621117
621123
621128
621129
621121
621118
621114
410847
417407
417408
415197
416351
416352
415794
415795
415798
415796
416738
419346
56099
56096
56098
417409
110316
99973
83912
46146
232886
442554
416354
56095
140212
523986
467726
581987
581863
581989
419344
419343
419342
468419
467967
377738
410852
33475
432783
3800
3802
3803
462255
446734
626954
71562
582012
581996
581993
581910
581908
581904
581926
581935
581943
581952
581973
581999
581921
581937
581887
441254
18688
266154
581888
92000
416739
416564
416565
416353
422049
419345
69000
76365
262675
437612
86801
71564
467964
467966
666561
627295
3804
3805
3806
3807
608391
77108
467968
71566
83750
85041
205514
109139
109137
109138
