148353
148352
148351
148354
639847
438801
427520
427518
114266
568747
223847
219775
368388
238501
238500
223850
238640
219770
219766
223841
223843
223852
219780
218186
219767
219781
219782
219779
219783
219773
219776
219772
219771
238642
218187
370032
369868
368383
368384
368386
368379
368387
368378
347345
347348
347350
347349
347342
347340
219774
383406
79357
521760
27784
539216
537816
536895
391404
19710
19711
19748
19730
19698
19728
19699
19700
207828
19714
19720
19717
19716
19715
19718
19719
19721
19722
19723
19724
568608
71561
169206
21401
21403
462865
528140
438807
360617
424425
487367
487263
487285
487238
487375
559341
524563
391413
180622
195846
54366
412709
487245
487262
393611
393590
393595
393587
393603
393601
393602
393609
393591
393594
393610
393612
393586
393589
393598
393606
393596
393592
393600
393607
393614
393615
64109
403697
482811
482808
482816
72955
50617
502216
651781
651782
651779
651778
651780
66119
113690
561806
149492
473536
64481
64480
249505
614419
140160
568610
545921
422689
250983
397283
161533
482810
482807
213619
502225
502227
502219
50385
64115
539199
432784
428306
428307
428308
428305
428310
653577
196409
196405
196425
196433
196442
196444
196448
196459
196429
196438
196434
196411
196413
196414
196417
196450
196453
196455
196431
196415
196419
196423
196447
196421
196407
196427
196440
147246
640745
335631
592087
264918
614420
472590
482817
595676
595680
595679
595686
595675
595685
595687
595681
595670
3808
410853
414987
443206
621122
621116
621117
621123
621128
621129
621121
621118
621114
410847
164604
417407
417408
415197
416351
416352
415794
415795
415798
415796
416738
419346
56099
56096
56098
417409
110316
561808
99973
83912
46146
479576
232886
442554
416354
56095
140212
523986
467726
581866
581895
581987
581971
581947
581945
581919
581896
581863
581861
581873
581880
581900
581902
581914
581955
581985
581983
581989
582004
581877
581980
581991
581966
582014
581975
419344
419343
419342
468419
648911
467967
377738
410852
33475
432783
3800
3802
3803
462255
446734
626954
71562
582012
582009
581996
581993
581958
581910
581908
581904
581913
581926
581927
581931
581935
581933
581942
581943
581952
581973
581978
581999
582021
581889
581918
581921
581937
581960
581887
441254
18688
266154
581888
92000
416739
416564
416565
416353
422049
419345
69000
78323
76365
46597
262675
437612
325313
353190
87026
86801
71564
467964
467966
666561
627295
3804
3805
3806
3807
22792
608391
77108
467968
71566
83750
85041
205514
109139
109137
109138
148353
148352
148351
148354
639847
427520
427518
114266
568747
223847
219775
368388
238501
238500
223850
238640
219770
219766
223841
223843
223852
219780
218186
219767
219781
219782
219779
219783
219773
219776
219772
219771
238642
218187
370032
369868
368383
368384
368386
368379
368387
368378
347345
347348
347350
347349
347342
347340
219774
383406
79357
521760
539216
537816
536895
391404
19710
19711
19748
19730
19698
19728
19699
19700
207828
19714
19720
19717
19716
19715
19718
19719
19721
19722
19723
19724
568608
71561
169206
21401
21403
462865
528140
360617
424425
487367
487263
487285
487238
487375
559341
524563
391413
180622
195846
54366
412709
487245
487262
393611
393590
393595
393587
393603
393601
393602
393609
393591
393594
393610
393612
393586
393589
393598
393606
393596
393592
393600
393607
393614
393615
64109
403697
482811
482808
482816
72955
50617
502216
651781
651782
651779
651778
651780
66119
113690
561806
149492
473536
64481
64480
249505
614419
140160
568610
545921
422689
250983
397283
161533
482810
482807
213619
502225
502227
502219
50385
64115
539199
432784
428306
428307
428308
428305
428310
653577
196409
196405
196425
196433
196442
196444
196448
196459
196429
196438
196434
196411
196413
196414
196417
196450
196453
196455
196431
196415
196419
196423
196447
196421
196407
196427
196440
147246
640745
335631
592087
614420
472590
482817
595676
595680
595679
595686
595675
595685
595687
595681
595670
3808
410853
414987
443206
621122
621116
621117
621123
621128
621129
621121
621118
621114
410847
164604
417407
417408
415197
416351
416352
415794
415795
415798
415796
416738
419346
56099
56096
56098
417409
110316
561808
99973
83912
46146
479576
232886
442554
416354
56095
140212
523986
467726
581866
581895
581987
581971
581947
581945
581919
581896
581863
581861
581873
581880
581900
581902
581914
581955
581985
581983
581989
582004
581877
581980
581991
581966
582014
581975
419344
419343
419342
468419
648911
467967
377738
410852
33475
432783
3800
3802
3803
462255
446734
626954
71562
582012
582009
581996
581993
581958
581910
581908
581904
581913
581926
581927
581931
581935
581933
581942
581943
581952
581973
581978
581999
582021
581889
581918
581921
581937
581960
581887
441254
18688
266154
581888
92000
416739
416564
416565
416353
422049
419345
69000
78323
76365
46597
262675
437612
325313
353190
87026
86801
71564
467964
467966
666561
627295
3804
3805
3806
3807
22792
608391
77108
467968
71566
83750
85041
205514
109139
109137
109138
