372181
531015
581487
581444
376804
376802
376805
376798
530996
163124
163120
161699
693389
693388
68638
404686
404685
424756
424754
58417
166211
241825
145213
148283
148415
632517
623051
243953
243954
232186
395391
493922
110623
543819
400861
535091
21322
558755
558760
558756
558759
558754
558687
435668
586117
132736
177699
45393
368389
569001
585506
569004
569005
465435
570949
581488
635966
585503
585505
151703
151705
151706
151704
561545
451534
651237
376793
570952
238974
238975
157881
575271
531453
390286
132157
586116
91233
476886
87542
609821
569007
569006
570953
610325
518669
517945
57048
593641
427586
574545
477128
238507
238508
341491
680677
420639
258374
266653
208810
664627
518086
363121
9379
238752
369630
416932
416934
416933
416930
132155
593648
466426
581489
593642
574546
476452
259638
341574
245126
220530
436027
437544
245837
325197
501134
553134
231932
132160
629943
521545
258377
201284
353102
371155
371154
368317
368316
659002
195062
436026
570925
472609
509568
553135
501133
501132
260757
614400
457956
342155
495034
200832
200833
667329
695875
62551
376801
376800
62550
376794
696012
524330
648860
369187
573811
420537
165126
276580
517411
341315
341314
574548
641095
554580
270205
521602
62549
417009
417010
420534
417007
420535
401161
562264
417022
417023
187208
17376
266643
251952
394491
683022
683021
683020
49490
355344
418257
667331
523297
523298
691386
552691
382896
263145
632750
518007
537198
518008
537197
435239
468349
422276
78008
78009
587248
697872
697871
156618
382898
697873
537195
537202
425370
61840
585326
251981
132993
379216
379220
379221
379215
379217
379227
379223
379224
378721
465901
436037
529159
537468
436013
394619
535964
508023
651616
584876
584875
662862
448360
621786
418953
539809
631770
642589
402391
74976
528433
570618
402392
77652
571103
537044
427584
427588
427587
565239
402390
245682
245687
529427
539808
265682
265662
265687
265689
265698
265730
585718
210807
234904
243665
413320
212822
212823
320299
320292
682496
212814
331998
457566
545635
212813
326030
326033
326029
326024
326032
326023
326034
326318
670689
678247
412503
450752
333141
450754
508139
508134
508135
508132
508137
500355
657801
623050
325109
49493
194674
194676
496005
17552
169081
104327
23774
194551
640706
194830
164119
31366
480848
590074
438819
670047
368927
582998
438811
368910
