607070	0.480
688052	0.451
95341	0.379
636568	0.174
367734	0.302
529231	0.331
190139	0.181
532228	0.334
354179	0.247
554274	0.461
507902	0.455
518863	0.388
401275	0.442
401276	0.428
401277	0.411
346642	0.456
346641	0.461
400402	0.377
398204	0.378
625558	0.200
162543	0.535
629044	0.487
412424	0.401
545535	0.041
532446	0.368
532443	0.355
426641	0.369
387061	0.417
387063	0.441
387062	0.416
592345	0.346
516248	0.510
573202	0.463
387066	0.415
578867	0.413
93033	0.360
126127	0.426
490669	0.481
191294	0.377
645833	0.345
342901	0.415
126467	0.463
342900	0.554
161127	0.464
240794	0.455
169521	0.381
624001	0.029
634331	0.493
623693	0.444
346651	0.439
321615	0.524
668686	0.396
74997	0.325
336503	0.547
187655	0.417
458440	0.428
345085	0.328
233770	0.271
478421	0.423
475215	0.328
376043	0.409
669391	0.451
451287	0.410
680594	0.297
96729	0.369
484195	0.477
641069	0.512
276928	0.529
443986	0.376
329112	0.424
96726	0.452
20580	0.470
506367	0.375
539310	0.502
476590	0.512
625347	0.489
519296	0.332
65886	0.325
515396	0.474
587870	0.387
569727	0.178
587866	0.326
583795	0.315
583796	0.303
583797	0.266
157483	0.343
329113	0.267
677511	0.439
495524	0.341
529065	0.471
341846	0.491
584049	0.462
209928	0.514
242198	0.485
30702	0.370
465671	0.172
104516	0.369
173951	0.331
656894	0.317
678511	0.393
173313	0.523
80485	0.446
483113	0.520
395394	0.463
527499	0.488
200272	0.270
217894	0.500
192784	0.491
442296	0.412
192783	0.458
398593	0.480
187058	0.475
164093	0.451
660121	0.476
198832	0.169
571931	0.394
136971	0.454
556403	0.483
552450	0.220
332856	0.352
547518	0.288
684353	0.191
669425	0.517
616584	0.239
616617	0.339
361699	0.397
361700	0.465
115109	0.381
383137	0.284
205958	0.435
673955	0.412
260853	0.403
588505	0.449
361693	0.209
167569	0.232
454693	0.464
582998	0.266
577086	0.232
649651	0.537
649650	0.491
515807	0.320
219011	0.416
148232	0.394
253307	0.343
92744	0.243
196555	0.508
447563	0.366
438925	0.431
476095	0.476
689260	0.233
689258	0.182
532093	0.377
595879	0.419
399822	0.369
457101	0.366
263555	0.489
66742	0.098
649648	0.430
645923	0.449
435053	0.384
172339	0.341
75262	0.506
400178	0.365
23407	0.050
197140	0.362
457099	0.391
426446	0.110
624764	0.378
147911	0.382
115520	0.148
21704	0.298
108942	0.264
474560	0.163
567543	0.450
168605	0.190
204515	0.198
664159	0.360
104843	0.411
615747	0.449
558203	0.474
19271	0.453
682824	0.040
516087	0.454
329578	0.456
238911	0.405
611443	0.581
408121	0.167
501592	0.402
501590	0.352
329576	0.347
329575	0.308
23421	0.074
647276	0.194
23426	0.134
23435	0.081
23431	0.070
23410	0.108
23430	0.066
23436	0.046
203341	0.283
647283	0.363
168858	0.526
476329	0.469
627938	0.149
558912	0.505
90461	0.404
695951	0.193
634650	0.161
508466	0.492
515599	0.575
572439	0.190
182393	0.376
515941	0.411
515939	0.394
458441	0.480
71520	0.173
376045	0.570
388812	0.240
56309	0.488
56308	0.501
157487	0.398
640652	0.457
640655	0.407
128524	0.360
640651	0.481
640649	0.320
82367	0.505
255900	0.443
571244	0.379
255901	0.447
202089	0.480
202090	0.505
202088	0.468
21091	0.296
424306	0.325
81818	0.436
81817	0.411
81819	0.482
125951	0.440
575461	0.491
575460	0.493
180380	0.453
437037	0.533
671243	0.522
322967	0.354
322963	0.457
322964	0.421
322966	0.410
399278	0.414
399281	0.410
669487	0.392
467161	0.467
575464	0.396
166661	0.396
202899	0.510
640270	0.410
527501	0.458
649773	0.430
464282	0.416
399279	0.358
399276	0.427
399275	0.393
79270	0.428
79267	0.352
79268	0.385
79266	0.328
467164	0.423
467162	0.474
467167	0.445
467168	0.432
467166	0.435
467163	0.458
79872	0.400
671244	0.446
467170	0.497
467171	0.497
467172	0.490
467173	0.464
467169	0.446
79269	0.381
79865	0.254
50062	0.447
316889	0.403
467176	0.441
467175	0.471
316890	0.407
669485	0.488
467177	0.427
467181	0.347
467180	0.333
467179	0.485
467178	0.414
486270	0.183
166080	0.424
165995	0.485
165936	0.529
165994	0.475
541231	0.562
587913	0.380
534551	0.471
457153	0.438
575656	0.245
669483	0.392
93681	0.288
593122	0.329
593123	0.422
530070	0.414
530067	0.389
530068	0.391
486271	0.375
399274	0.575
399277	0.438
34146	0.439
470483	0.450
470484	0.402
322329	0.470
250771	0.475
644462	0.610
536343	0.342
157872	0.436
530069	0.458
332496	0.541
163264	0.470
198856	0.385
408277	0.415
505208	0.375
547926	0.285
399280	0.452
399282	0.431
669847	0.419
202635	0.501
669848	0.301
669849	0.430
85143	0.359
254077	0.478
668955	0.436
456909	0.524
256856	0.458
546678	0.344
202639	0.519
669846	0.432
669850	0.378
614060	0.488
63871	0.195
583939	0.505
388316	0.413
117670	0.445
117671	0.484
668249	0.389
448125	0.345
536223	0.467
498232	0.393
556022	0.424
498233	0.345
688896	0.464
200328	0.134
31961	0.415
202638	0.454
202637	0.549
391457	0.356
577645	0.309
195115	0.541
498646	0.467
513178	0.447
484723	0.460
39973	0.245
437036	0.488
73027	0.469
537558	0.494
15325	0.366
157788	0.408
448126	0.330
499016	0.453
695544	0.481
649818	0.371
415834	0.487
368479	0.446
541233	0.548
537465	0.352
188140	0.416
454140	0.378
454143	0.348
121289	0.263
73028	0.400
518611	0.294
530156	0.492
537553	0.429
537557	0.460
537552	0.415
632239	0.449
683601	0.473
593740	0.530
509343	0.495
395937	0.486
347395	0.226
513360	0.428
523971	0.234
432237	0.348
484724	0.374
528151	0.277
40806	0.387
341965	0.390
573336	0.476
29561	0.469
578599	0.461
188636	0.324
584272	0.394
469110	0.484
256609	0.394
221673	0.453
483114	0.443
457594	0.390
400081	0.338
682986	0.405
30708	0.173
31492	0.243
681561	0.289
688910	0.246
691596	0.399
691595	0.385
382750	0.536
513334	0.438
525106	0.135
425173	0.261
338109	0.426
38671	0.475
593425	0.404
46874	0.523
685223	-0.099
241196	0.448
685221	0.389
72969	0.495
239109	0.419
474168	0.464
665087	0.412
241932	0.451
443458	0.416
341321	0.281
188986	0.283
192441	0.445
386397	0.140
503167	0.383
528435	0.506
203956	0.381
477556	0.420
47100	0.445
506891	0.431
128526	0.452
454127	0.479
454126	0.492
454130	0.400
246010	0.390
582353	0.456
51813	0.360
655799	0.445
656600	0.462
451152	0.532
528978	0.443
498230	0.304
426223	0.365
38669	0.467
684097	0.263
456419	0.391
672700	0.329
672699	0.452
269457	0.478
97604	0.411
42982	0.392
590085	0.300
82311	0.362
2522	0.393
372611	0.553
273206	0.353
81486	0.450
81485	0.428
201565	0.373
477420	0.266
477421	0.293
2519	0.361
2521	0.390
157434	0.548
250174	0.394
2520	0.387
556579	0.474
39874	0.446
263968	0.388
263969	0.271
135999	0.473
201034	0.262
567729	0.431
554577	0.427
670085	0.359
473554	0.519
593741	0.551
168556	0.475
649814	0.305
563291	0.330
22037	0.461
28283	0.430
37566	0.387
35028	0.527
35029	0.441
243964	0.237
362275	0.391
61518	0.400
232387	0.538
101683	0.418
497044	0.441
97876	0.404
139512	0.507
142006	0.436
142005	0.421
232117	0.460
630626	0.485
405297	0.423
427879	0.392
243970	0.322
475358	0.487
243957	0.288
684816	0.428
201599	0.374
201598	0.437
613429	0.502
45478	0.142
680706	0.373
39418	0.334
405438	0.434
176793	0.481
197204	0.372
242956	0.362
681401	0.384
670715	0.193
676187	0.389
362063	0.396
473555	0.363
454133	0.268
186532	0.407
616585	0.331
452302	0.250
572412	0.316
20417	0.404
142936	0.321
165996	0.527
442160	0.459
476761	0.399
343171	0.527
637783	0.367
221499	0.400
503279	0.429
35365	0.395
38668	0.445
616530	0.436
39446	0.375
630424	0.330
321075	0.425
321618	0.456
105289	0.222
385734	0.453
521841	0.387
521837	0.142
574673	0.368
574861	0.309
548382	0.278
573622	0.473
47432	0.451
388324	0.487
348303	0.399
259434	0.328
613166	0.377
38670	0.511
482913	0.355
84679	0.414
84677	0.421
84672	0.445
197203	0.344
650833	0.387
163128	0.347
209216	0.443
385778	0.555
497249	0.416
327768	0.526
86174	0.281
465679	0.419
465680	0.406
465678	0.437
432344	0.463
503280	0.402
97877	0.306
634889	0.494
377876	0.259
321076	0.232
583098	0.479
521245	0.381
521244	0.353
575224	0.385
17076	0.320
637784	0.477
679357	0.382
370155	0.255
637777	0.491
637915	0.283
556320	0.436
167210	0.346
434035	0.534
157764	0.330
666759	0.559
379505	0.403
161985	0.424
474844	0.489
146191	0.322
486512	0.477
483440	0.372
401948	0.457
595114	0.496
671961	0.471
573220	0.408
573221	0.423
637560	0.355
465681	0.359
637564	0.448
103652	0.447
464655	0.467
651190	0.468
689261	0.318
166427	0.434
203171	0.141
63821	0.180
180944	0.277
161976	0.491
488363	0.325
129469	0.472
23096	0.506
392000	0.468
146194	0.305
148389	0.382
146193	0.386
683187	0.197
135490	0.362
159690	0.402
488667	0.407
488668	0.427
61517	0.289
107372	0.408
346469	0.119
681653	0.456
384080	0.293
650814	0.415
494970	0.443
539220	0.468
530566	0.517
527352	0.249
686471	0.418
567841	0.196
565232	0.365
554287	0.418
573075	0.434
651189	0.474
392004	0.432
128606	0.365
652210	0.516
686469	0.407
517910	0.326
565231	0.358
137173	0.256
124607	0.561
109271	0.227
110330	0.206
260781	0.470
531012	0.416
486445	0.458
501741	0.160
518422	0.411
417911	0.374
502880	0.108
360756	0.465
555131	0.366
555130	0.453
555915	0.421
555914	0.540
143120	0.424
574309	0.436
639061	0.474
50374	0.318
50376	0.356
75251	0.030
73387	0.318
581065	0.471
581061	0.378
620951	0.323
511127	0.452
60441	0.452
690234	0.315
690236	0.312
667775	0.366
609901	0.489
27855	0.395
182684	0.357
50375	0.375
73386	0.395
569207	0.193
669497	0.450
238682	0.394
392679	0.229
574398	0.363
15683	0.217
581063	0.397
81827	0.243
49770	0.219
474897	0.342
616807	0.388
203234	0.465
18410	0.405
472752	0.402
474346	0.385
18412	0.407
86637	0.331
36373	0.148
36375	0.176
36374	0.246
36389	0.239
84896	0.413
437690	0.391
639437	0.342
119513	0.252
448481	0.311
92610	0.308
215180	0.450
148460	0.389
57738	0.034
335048	0.414
117509	0.205
436526	0.132
125633	0.472
125631	0.463
108318	0.275
440513	0.323
441944	0.325
76759	0.354
685618	0.454
103131	0.438
466393	0.363
443979	0.337
506466	0.167
103132	0.418
429277	0.231
395608	0.127
324866	0.236
24208	0.153
326747	0.294
638046	0.309
320065	0.216
417646	0.414
324860	0.211
192149	0.436
376495	0.382
253963	0.269
185062	0.461
170632	0.344
483476	0.126
494966	0.303
538685	0.368
607143	0.287
510212	0.055
93332	0.194
540648	0.397
528478	0.171
537075	0.502
487106	0.413
515611	0.415
369551	0.277
592887	0.306
518122	0.139
518124	0.230
518123	0.156
530585	0.268
642778	0.108
575613	0.434
510954	0.069
184595	0.220
585847	0.201
554154	0.324
125632	0.307
411609	0.509
466230	0.111
238100	0.370
115658	0.203
115659	0.218
177055	0.280
157482	0.389
564718	0.021
646768	0.222
462584	0.383
115273	0.328
275838	0.461
39940	0.479
569663	0.339
538535	0.535
34147	0.388
34148	0.397
497279	0.497
150855	0.502
593117	0.368
593118	0.226
593116	0.333
593115	0.226
181032	0.285
593119	0.255
13231	0.362
197090	0.174
231600	0.195
231601	0.121
231599	0.255
231602	0.162
231597	0.168
231598	0.209
387915	0.369
469734	0.306
437278	0.323
335469	0.493
537985	0.291
438656	0.324
639632	0.410
619907	0.469
616871	0.415
673292	0.371
269420	0.159
536612	0.233
670642	0.184
569791	0.140
627155	0.317
62023	0.389
671410	0.216
60597	0.299
680707	0.116
2508	0.212
695876	0.385
261500	0.324
255420	0.225
125772	0.478
466332	0.425
23893	0.464
53808	0.477
216366	0.498
156164	0.109
216364	0.422
352630	0.304
648329	0.387
650813	0.383
120713	0.067
522322	0.444
52114	0.146
270559	-0.061
626911	0.343
626910	0.285
24368	0.530
85161	0.238
340447	0.436
459850	0.386
105290	0.153
502893	0.133
17377	0.452
240868	0.289
200320	0.460
438525	0.066
55584	0.287
493895	0.274
516229	0.382
17540	0.289
264185	0.158
377195	0.192
82694	0.119
438018	0.232
112175	0.082
144039	0.039
144033	0.128
144032	0.186
501002	0.447
517906	0.481
691962	0.275
570424	0.102
522321	0.442
452442	0.300
168426	0.214
74307	0.346
260757	0.135
43693	0.316
554576	0.432
695619	0.221
572425	0.382
571911	0.378
571912	0.250
149742	0.209
627157	0.330
242325	0.201
337144	0.227
89488	0.360
335448	0.518
