607070
688052
95341
636568
367734
529231
190139
532228
354179
554274
507902
518863
401275
401276
401277
346642
346641
400402
398204
625558
162543
629044
412424
545535
532446
532443
426641
387061
387063
387062
592345
516248
573202
387066
578867
93033
126127
490669
191294
645833
342901
126467
342900
161127
240794
169521
624001
634331
623693
346651
321615
668686
74997
336503
187655
458440
345085
233770
478421
475215
376043
669391
451287
680594
96729
484195
641069
276928
443986
329112
96726
20580
506367
539310
476590
625347
519296
65886
515396
587870
569727
587866
583795
583796
583797
157483
329113
677511
495524
529065
341846
584049
209928
242198
30702
465671
104516
173951
656894
678511
173313
80485
483113
395394
527499
200272
217894
192784
442296
192783
398593
187058
164093
660121
198832
571931
136971
556403
552450
332856
547518
684353
669425
616584
616617
361699
361700
115109
383137
205958
673955
260853
588505
361693
167569
454693
582998
577086
649651
649650
515807
219011
148232
253307
92744
196555
447563
438925
476095
689260
689258
532093
595879
399822
457101
263555
66742
649648
645923
435053
172339
75262
400178
23407
197140
457099
426446
624764
147911
115520
21704
108942
474560
567543
168605
204515
664159
104843
615747
558203
19271
682824
516087
329578
238911
611443
408121
501592
501590
329576
329575
23421
647276
23426
23435
23431
23410
23430
23436
203341
647283
168858
476329
627938
558912
90461
695951
634650
508466
515599
572439
182393
515941
515939
458441
71520
376045
388812
56309
56308
157487
640652
640655
128524
640651
640649
82367
255900
571244
255901
202089
202090
202088
21091
424306
81818
81817
81819
125951
575461
575460
180380
437037
671243
322967
322963
322964
322966
399278
399281
669487
467161
575464
166661
202899
640270
527501
649773
464282
399279
399276
399275
79270
79267
79268
79266
467164
467162
467167
467168
467166
467163
79872
671244
467170
467171
467172
467173
467169
79269
79865
50062
316889
467176
467175
316890
669485
467177
467181
467180
467179
467178
486270
166080
165995
165936
165994
541231
587913
534551
457153
575656
669483
93681
593122
593123
530070
530067
530068
486271
399274
399277
34146
470483
470484
322329
250771
644462
536343
157872
530069
332496
163264
198856
408277
505208
547926
399280
399282
669847
202635
669848
669849
85143
254077
668955
456909
256856
546678
202639
669846
669850
614060
63871
583939
388316
117670
117671
668249
448125
536223
498232
556022
498233
688896
200328
31961
202638
202637
391457
577645
195115
498646
513178
484723
39973
437036
73027
537558
15325
157788
448126
499016
695544
649818
415834
368479
541233
537465
188140
454140
454143
121289
73028
518611
530156
537553
537557
537552
632239
683601
593740
509343
395937
347395
513360
523971
432237
484724
528151
40806
341965
573336
29561
578599
188636
584272
469110
256609
221673
483114
457594
400081
682986
30708
31492
681561
688910
691596
691595
382750
513334
525106
425173
338109
38671
593425
46874
685223
241196
685221
72969
239109
474168
665087
241932
443458
341321
188986
192441
386397
503167
528435
203956
477556
47100
506891
128526
454127
454126
454130
246010
582353
51813
655799
656600
451152
528978
498230
426223
38669
684097
456419
672700
672699
269457
97604
42982
590085
82311
2522
372611
273206
81486
81485
201565
477420
477421
2519
2521
157434
250174
2520
556579
39874
263968
263969
135999
201034
567729
554577
670085
473554
593741
168556
649814
563291
22037
28283
37566
35028
35029
243964
362275
61518
232387
101683
497044
97876
139512
142006
142005
232117
630626
405297
427879
243970
475358
243957
684816
201599
201598
613429
45478
680706
39418
405438
176793
197204
242956
681401
670715
676187
362063
473555
454133
186532
616585
452302
572412
20417
142936
165996
442160
476761
343171
637783
221499
503279
35365
38668
616530
39446
630424
321075
321618
105289
385734
521841
521837
574673
574861
548382
573622
47432
388324
348303
259434
613166
38670
482913
84679
84677
84672
197203
650833
163128
209216
385778
497249
327768
86174
465679
465680
465678
432344
503280
97877
634889
377876
321076
583098
521245
521244
575224
17076
637784
679357
370155
637777
637915
556320
167210
434035
157764
666759
379505
161985
474844
146191
486512
483440
401948
595114
671961
573220
573221
637560
465681
637564
103652
464655
651190
689261
166427
203171
63821
180944
161976
488363
129469
23096
392000
146194
148389
146193
683187
135490
159690
488667
488668
61517
107372
346469
681653
384080
650814
494970
539220
530566
527352
686471
567841
565232
554287
573075
651189
392004
128606
652210
686469
517910
565231
137173
124607
109271
110330
260781
531012
486445
501741
518422
417911
502880
360756
555131
555130
555915
555914
143120
574309
639061
50374
50376
75251
73387
581065
581061
620951
511127
60441
690234
690236
667775
609901
27855
182684
50375
73386
569207
669497
238682
392679
574398
15683
581063
81827
49770
474897
616807
203234
18410
472752
474346
18412
86637
36373
36375
36374
36389
84896
437690
639437
119513
448481
92610
215180
148460
57738
335048
117509
436526
125633
125631
108318
440513
441944
76759
685618
103131
466393
443979
506466
103132
429277
395608
324866
24208
326747
638046
320065
417646
324860
192149
376495
253963
185062
170632
483476
494966
538685
607143
510212
93332
540648
528478
537075
487106
515611
369551
592887
518122
518124
518123
530585
642778
575613
510954
184595
585847
554154
125632
411609
466230
238100
115658
115659
177055
157482
564718
646768
462584
115273
275838
39940
569663
538535
34147
34148
497279
150855
593117
593118
593116
593115
181032
593119
13231
197090
231600
231601
231599
231602
231597
231598
387915
469734
437278
335469
537985
438656
639632
619907
616871
673292
269420
536612
670642
569791
627155
62023
671410
60597
680707
2508
695876
261500
255420
125772
466332
23893
53808
216366
156164
216364
352630
648329
650813
120713
522322
52114
270559
626911
626910
24368
85161
340447
459850
105290
502893
17377
240868
200320
438525
55584
493895
516229
17540
264185
377195
82694
438018
112175
144039
144033
144032
501002
517906
691962
570424
522321
452442
168426
74307
260757
43693
554576
695619
572425
571911
571912
149742
627157
242325
337144
89488
335448
