679010
517868
163289
193747
403686
445926
570850
570849
570851
362503
193674
193675
276469
234044
167087
346869
183934
183929
183936
183937
183935
192647
192646
271634
541677
527550
316646
252653
168305
167448
546738
642914
516433
113648
50389
643396
13594
339625
78520
24313
24314
24310
187365
539434
635415
492014
609791
608313
132251
644158
643417
78519
343094
100457
46621
47929
176584
177427
177433
177426
676430
203991
446083
445648
429331
468558
468549
95172
95180
95138
95141
95144
95163
95169
95187
95146
95155
95143
95152
95171
95183
95184
95148
95170
30023
30024
9656
9661
30031
412769
446399
339827
68039
643483
22330
643054
263554
219187
321897
254038
642150
642058
642064
643356
642149
642793
643285
431531
570856
570859
66131
219182
36415
36416
264078
