446580
679010
620041
517868
120653
120655
120670
120663
120665
120657
120674
120669
120671
120673
120666
120668
341841
386543
489654
163289
144904
386546
193747
403686
445926
570850
570849
570847
570851
362503
570848
193674
193675
643399
276469
234044
44469
171102
167087
346869
183934
183929
183936
183937
183935
192647
192646
271634
541677
489897
37901
527550
485614
316646
13591
221855
332516
410626
252653
168305
167448
546738
643400
642914
516433
113648
41908
50389
578767
643396
643029
13594
339625
643030
78520
24313
24314
24310
187365
350763
539434
635415
492014
609791
34545
34544
608313
592083
491235
132251
643231
644158
643230
644605
643417
643226
488567
78519
343094
427292
100457
650616
46621
47929
50382
678671
176584
678672
181980
217809
177434
177427
177431
177432
177433
177429
177428
177426
177425
132250
676430
219450
203991
446083
445648
429331
468558
468550
468552
468551
577567
468549
95139
95156
95172
95180
95138
95141
95142
95144
95149
95151
95163
95161
95169
95173
95187
95146
95162
95182
95155
95143
95152
95171
95183
95184
95192
95148
95145
95170
95135
95136
30023
30024
9656
9660
9659
9661
30031
30032
9667
9666
30027
489978
489977
489982
489979
489983
489976
489980
489984
489981
412769
446399
339827
178849
68039
22328
643483
22329
689927
22330
396934
396937
643055
643057
643054
110490
643481
167222
260933
263554
219187
321897
254035
254038
254039
642150
642058
642064
643356
642149
643484
643052
643051
642793
643285
431531
570856
570859
66131
219182
233580
643056
16417
643198
16416
36415
36416
36405
264078
259879
324586
324587
629555
629553
629549
629551
629552
629547
629544
629550
629557
629554
629556
629545
629543
629539
629538
629542
629540
629541
629535
629537
629536
629567
629569
629558
629564
629571
629563
629562
629565
629561
629570
629568
629566
629560
629559
629546
629572
629548
507675
507645
507646
507695
507691
507625
507626
507678
