120385
266382
481082
571280
692779
17632
151807
580269
130583
592738
593026
593094
646750
396543
396546
396541
567322
81110
11692
11693
17612
470646
502190
502189
28523
240
124130
273545
537208
480813
525058
177725
177724
177718
218161
178314
536172
52791
436487
16359
444129
177709
177705
177711
380684
52409
87617
87618
49085
181893
362920
46349
198604
198605
159543
580528
179603
232111
39060
97195
634925
640246
615257
531821
93992
656685
571480
698202
197175
592032
624860
191335
191336
413387
243052
19430
417875
556131
372873
438762
438770
198600
198599
333009
333008
333004
197186
560910
181130
118278
167737
620710
274290
404155
64473
192368
134764
438751
438798
365405
438787
500249
573015
118943
118941
689228
118637
667453
23025
494837
574786
28086
135654
223822
177715
177716
177712
17488
523845
651687
688720
357898
118279
194600
426608
567354
546830
395203
630054
35182
395630
266390
553983
553984
553978
438768
624590
239972
586849
624877
677656
675314
505167
150418
494841
579110
464770
636257
490522
612248
612226
468872
161723
612222
560697
620731
612223
620714
620715
620711
620712
620699
620716
620697
620696
620705
620736
620701
620709
620717
620698
620725
612243
620706
620689
525197
612246
612244
612245
464998
184358
