402656
348275
545459
524309
674139
482909
603711
543446
448358
555524
609656
510955
511196
650940
387223
454711
580636
612879
569782
331867
555999
575780
591008
555609
612768
612249
609657
433935
530265
621845
621850
621848
349516
400664
610996
591010
591009
433936
488963
610749
578576
578577
578574
591121
621293
621294
530266
464785
671962
621292
621295
621289
621297
621852
410544
511198
505989
474522
457070
393730
433798
569062
442792
631776
665251
423321
446138
608811
608813
250856
57580
255768
628253
324595
474521
609646
669430
365958
584444
385357
611098
669435
555995
609748
413331
578732
569776
331880
531098
669429
669431
669426
669427
669428
578728
546921
383133
475592
433794
157239
433797
412118
611978
82454
476808
569368
564328
685054
686400
685055
686525
504893
685582
632348
590043
621179
621296
92748
522157
465294
234343
506168
698293
578929
381377
381376
690570
697883
698325
580076
465293
521374
249404
323495
686683
528773
577391
681640
263998
621291
423904
423991
456362
320498
621290
577070
414195
516652
666768
423692
634769
34301
423499
541262
561787
404025
524315
529264
346375
457243
689177
546044
596510
669421
478306
684708
511195
686217
478255
442751
414442
684189
674119
340323
340927
349709
685460
669422
583722
404461
591508
482097
511083
591397
492565
514511
492557
492559
492560
492553
492558
492570
492563
492562
492568
492569
492573
492567
492555
492556
492554
541023
685244
663171
663172
341796
341793
342895
663168
341794
341795
663173
582535
582583
514492
368674
455609
166283
545907
396969
642525
439438
642287
642298
642523
642297
642524
642301
642302
642517
642288
642520
642281
642521
642282
642519
642284
642283
642303
642518
642299
642304
158695
642522
692833
266415
437220
668888
54392
456798
668889
394900
360740
394898
394899
669324
669323
394897
668952
412066
685614
320921
320922
320920
320919
320918
320592
320598
320594
320595
320597
320596
320593
320601
320599
320600
578571
578572
578580
578578
578582
578588
578581
470083
383384
336365
668503
182386
182384
182391
182385
182387
182389
182390
182721
182715
182720
182714
182717
182716
182719
588393
588390
588392
588391
383385
436484
436483
436481
56911
60983
60980
60981
60982
415158
56137
60949
60947
455426
685841
668636
518139
63236
59127
668637
90350
534562
518568
500376
505047
668635
505048
505426
34588
182705
182706
182708
581683
668638
640162
534561
575930
639772
418695
353964
676266
394288
554589
497047
