402656
348275
545459
524313
524309
510957
674139
482909
335053
603711
543446
448358
555524
609656
510955
511196
381532
650940
387222
387223
387221
454711
580636
612879
569782
569780
331867
555999
575780
591008
555609
612768
611169
639662
612249
609657
433935
530265
621845
621850
621848
349516
400664
610996
591010
591009
545452
433936
488963
698280
610749
362281
578576
578577
578781
578575
578780
578574
578782
578807
591121
621293
621847
621846
621294
321718
530266
464785
671962
621292
621295
621289
621851
621297
621852
410544
548444
511198
416984
505989
474522
457070
393730
433798
698282
569062
442792
523339
623752
631776
665251
423321
413732
446138
608811
697879
608813
317071
250856
56574
56573
57580
248270
56514
255768
628253
324595
474521
609646
669430
365958
584444
60736
261032
444765
385357
611098
650342
669435
555995
609748
413331
654075
634871
578732
511069
384504
569776
331872
331880
531098
669429
669431
669426
669427
669428
578728
669432
546921
383133
475592
433794
157239
433797
412118
611978
608132
82454
476808
592233
560759
569368
339413
698889
698893
670836
564328
558260
249730
695834
685033
686858
685054
686616
686400
685055
686525
686555
504893
685582
632348
590043
621179
621296
547381
92748
522157
465294
234343
506168
259860
698293
641692
578929
381377
381376
690570
251955
697883
698325
621849
580076
317366
465293
262519
547382
449935
686679
686618
521374
592234
249404
323495
463238
456270
686683
528773
577391
698668
504770
681640
32591
263998
621291
698891
423904
423991
456362
320498
527770
621290
698890
577070
572922
414195
640024
516652
698894
698281
272409
666768
423692
658834
634769
641868
264295
34301
625694
399868
423499
541262
561787
404025
524315
592085
529264
346375
457243
435766
493508
689177
546044
596510
669421
478306
684708
689731
51243
502698
511195
378004
686217
678388
478255
341592
442751
434796
414442
684189
674119
340951
340323
672812
470657
690304
340927
349709
685460
669422
696298
583722
404461
591508
482097
511083
591397
591398
492565
514511
492557
492559
492560
492553
492558
492570
492563
492562
492568
492569
492564
492573
492567
492555
492556
492554
541023
685244
670254
663171
663172
341796
341793
342895
663168
341794
341795
663173
344742
582535
582583
611979
252104
514492
698971
547074
368674
455609
106846
166283
162861
376617
545907
396969
156841
642525
442790
439438
685297
642287
642285
642286
642300
642298
642523
642297
642524
642301
642302
642517
642288
642520
642281
642521
642282
642519
642284
642283
642303
642518
514842
642299
642304
158695
642305
642522
692833
592906
266415
136721
437220
361793
414673
399229
262448
426019
668888
54392
54391
456798
271355
592910
668889
571390
394900
404362
360740
394898
394899
669324
669323
394897
668952
412066
269344
685614
320921
320922
320920
320919
320918
320592
320598
320594
320595
320597
320596
320593
320601
320599
320600
591488
578571
578572
192628
192624
192618
192616
192619
192627
192632
192634
192641
192636
192614
192625
192610
192611
192609
192613
192626
192638
192615
192621
192623
192631
192642
192643
192617
192640
192635
192637
192620
192622
192629
192633
192639
192644
192630
192645
578579
578580
578578
578582
578588
578581
470083
383384
336365
668503
164273
182386
182384
182391
182385
182387
182388
182389
182390
33837
182721
182715
182720
182714
182717
182716
182719
588393
588390
588392
588391
33836
33887
383385
436484
436486
436485
436482
436483
436481
56911
48607
60985
60983
60980
48493
48494
60981
60982
688669
415158
56137
60948
60949
60947
505064
56417
505063
455426
685841
668636
518139
518137
518138
63236
56338
59127
668637
90350
534562
331875
254556
33839
33888
33838
60950
518568
33185
500376
505237
43565
505047
668635
505048
239114
505426
34588
34421
34384
35898
33184
34662
560451
182707
182705
182706
182709
182708
581683
170653
668638
640162
534561
575930
639772
145381
418695
692831
423967
353964
676266
394288
182108
395065
654406
554589
497047
