621791
621810
621802
621795
271577
220703
63379
63377
63380
63376
96563
96559
96558
96560
96561
63378
105090
105093
105092
105091
105094
494701
655196
40193
40210
40258
40276
40291
40196
40274
40278
40282
40286
40198
40199
40200
40203
40208
40251
40268
40192
40277
40307
40257
40261
40264
40267
40269
40270
40253
40272
40280
40289
40300
40305
40250
40279
40284
40201
40202
40205
40206
40207
40254
40255
40260
40265
40266
40271
40275
40283
40292
40294
40296
40297
40299
40303
40273
40262
40285
40252
40189
40191
40195
40287
40288
40293
40295
40301
40302
40304
40306
40190
40194
40197
40204
40256
40259
40290
40298
40209
40263
40281
655177
660532
660533
686088
686076
686075
688823
686086
688816
686092
688799
686093
686089
686087
686085
686084
686080
686079
686077
688808
688807
688824
688797
686094
688826
688821
688829
686082
688819
686078
686083
518862
695919
98070
98074
98076
98071
419666
110657
177146
660534
105105
105106
185819
59971
59972
59974
59973
128306
189942
189944
189945
189943
189947
189946
353457
353455
353458
353459
353474
353476
353471
353456
353469
353470
353478
353481
353464
353462
353479
353483
353480
353475
478427
239667
239673
239763
239803
239809
239865
239652
239677
239681
239691
239692
239729
239762
239661
239795
239658
239830
239833
239836
239854
239855
239863
239870
239881
239663
239711
239745
239750
239660
239664
239668
239683
239686
239657
239764
239672
239674
239676
239685
239725
239734
239728
239730
239733
239737
239738
239740
239746
239751
239752
239757
239755
239758
239760
239761
239767
239770
239768
239779
239781
239783
239785
239787
239800
239801
239808
239817
239818
239819
239829
239820
239835
239837
239840
239841
239845
239843
239844
239849
239847
239851
239857
239858
239860
239861
239862
239864
239868
239869
239871
239885
239887
239984
239980
239981
239985
239986
239694
239696
239697
239707
239706
239712
239739
239718
239720
239878
239872
239693
239695
239698
239700
239701
239702
239705
239884
239879
239880
239882
239883
239848
239853
239846
239850
239852
239736
239888
239790
239798
239794
239791
239810
239671
239834
239662
239714
239716
239743
239744
239749
239769
239771
239772
239774
239775
239784
239786
239792
239797
239799
239806
239814
239886
239889
239890
239977
239978
239983
239675
239708
239982
239877
239867
239842
239838
239793
239788
239979
239726
239679
239680
239682
239684
239727
239735
239756
239759
239832
239856
239651
239811
239776
239742
239859
239866
188785
541120
396122
396120
396121
396119
435712
566339
329613
334093
334092
484362
483926
484255
484516
614953
77926
145220
21611
380930
483146
483144
483128
483131
483143
483145
483130
483129
491398
395285
217687
527603
411903
110861
62084
544180
266460
266469
266459
266484
551530
563750
31966
58343
541449
541440
493121
352586
31675
31674
31673
29740
18165
646799
646802
646806
646808
646814
646816
646819
646822
646836
646837
646840
646841
646807
646835
646820
646804
646817
646823
646809
646805
646800
646818
646824
646821
646838
646803
646801
646798
646815
646813
646810
646812
327757
344922
