621791	0.633
621810	0.600
621802	0.602
621795	0.423
271577	0.506
220703	0.584
63379	0.501
63377	0.460
63380	0.532
63376	0.545
96563	0.437
96559	0.391
96562	0.309
96558	0.508
96557	0.277
96560	0.457
96561	0.384
63378	0.542
105095	0.362
105090	0.455
105093	0.470
105092	0.421
105091	0.430
105094	0.482
494701	0.422
495551	0.039
655196	0.440
656192	0.118
40193	0.501
40210	0.499
40258	0.465
40276	0.480
40291	0.471
40196	0.466
40274	0.470
40278	0.488
40282	0.469
40286	0.475
40198	0.444
40199	0.472
40200	0.422
40203	0.429
40208	0.471
40251	0.523
40268	0.494
40192	0.454
40277	0.462
40307	0.508
40257	0.443
40261	0.445
40264	0.470
40267	0.480
40269	0.463
40270	0.519
40253	0.468
40272	0.481
40280	0.461
40289	0.478
40300	0.556
40305	0.555
40250	0.499
40279	0.480
40284	0.501
40201	0.475
40202	0.438
40205	0.418
40206	0.463
40207	0.420
40254	0.495
40255	0.488
40260	0.472
40265	0.439
40266	0.463
40271	0.473
40275	0.446
40283	0.472
40292	0.451
40294	0.380
40296	0.512
40297	0.472
40299	0.497
40303	0.568
40273	0.484
40262	0.488
40285	0.477
40252	0.472
40189	0.456
40191	0.470
40195	0.477
40287	0.444
40288	0.469
40293	0.472
40295	0.513
40301	0.501
40302	0.543
40304	0.557
40306	0.545
40309	0.258
40190	0.442
40194	0.507
40197	0.452
40204	0.449
40256	0.470
40259	0.480
40290	0.489
40298	0.466
40308	0.157
40209	0.418
40263	0.446
40281	0.457
656193	0.115
656190	0.062
656191	0.198
656185	-0.027
656186	0.094
656189	0.011
656187	0.078
655177	0.433
655178	0.243
319561	0.251
319560	0.255
319559	0.270
360357	0.224
655191	0.173
660532	0.386
660533	0.434
688795	0.331
688804	0.322
686088	0.512
686076	0.501
686075	0.421
688813	0.303
688823	0.543
688796	0.323
686086	0.395
688798	0.333
688816	0.426
688822	0.252
688825	0.336
688827	0.235
686092	0.400
688799	0.506
688803	0.311
686093	0.479
686089	0.471
686087	0.435
686085	0.383
686084	0.540
686081	0.334
686080	0.554
686079	0.470
686077	0.522
688811	0.291
688810	0.267
688809	0.312
688808	0.454
688807	0.465
688828	0.260
688824	0.494
688806	0.368
688802	0.314
688800	0.259
688797	0.417
688818	0.213
688817	0.173
688815	0.107
688814	0.349
688812	0.229
686094	0.528
688826	0.533
688821	0.411
688829	0.385
686082	0.544
688805	0.233
686091	0.365
688819	0.462
688801	0.276
686078	0.561
686083	0.402
686090	0.373
688820	0.271
518862	0.582
695919	0.425
559890	0.038
98077	0.374
98070	0.419
98072	0.265
98073	0.376
98074	0.500
98078	0.347
98076	0.405
98071	0.426
155854	0.217
354034	0.344
698416	0.085
98075	0.271
419666	0.625
110657	0.519
177146	0.447
660534	0.472
527373	0.246
105105	0.506
105106	0.409
185819	0.421
134927	0.288
134928	0.361
59971	0.542
59972	0.537
59974	0.453
59973	0.471
128306	0.491
189942	0.483
189944	0.509
189945	0.473
189943	0.438
189947	0.457
189946	0.446
353457	0.527
353486	0.338
353455	0.485
353458	0.486
353484	0.241
353485	0.364
353459	0.410
353466	0.366
353474	0.436
353476	0.503
353471	0.444
353473	0.360
353456	0.428
353460	0.354
353463	0.367
353467	0.175
353469	0.413
353470	0.404
353461	0.297
353468	0.349
353472	0.240
353478	0.542
353487	0.268
353477	0.335
353481	0.412
353482	0.328
353464	0.497
353462	0.486
353479	0.448
353483	0.473
353480	0.424
353475	0.388
216110	0.236
216112	-0.056
216111	0.017
217372	0.055
243422	0.312
156552	0.146
478427	0.468
686315	0.065
614236	0.306
686314	-0.053
239667	0.392
239673	0.417
239763	0.398
239803	0.388
239809	0.403
239865	0.441
239652	0.380
239677	0.419
239681	0.428
239691	0.460
239692	0.475
239729	0.490
239778	0.345
239782	0.368
239762	0.414
239656	0.366
239661	0.400
239795	0.411
239827	0.309
239658	0.393
239830	0.408
239833	0.410
239836	0.420
239854	0.395
239855	0.426
239863	0.414
239870	0.443
239881	0.397
239663	0.390
239690	0.374
239711	0.424
239731	0.354
239745	0.410
239750	0.415
239822	0.366
239824	0.355
239654	0.344
239659	0.366
239660	0.392
239664	0.403
239668	0.408
239683	0.412
239686	0.391
239657	0.403
239764	0.423
239672	0.393
239674	0.410
239676	0.462
239685	0.400
239688	0.362
239725	0.395
239724	0.358
239734	0.408
239728	0.485
239730	0.490
239732	0.345
239733	0.432
239737	0.451
239738	0.454
239740	0.433
239741	0.372
239746	0.430
239751	0.400
239752	0.414
239754	0.366
239757	0.384
239755	0.424
239758	0.429
239760	0.421
239761	0.450
239766	0.363
239767	0.396
239770	0.397
239768	0.387
239773	0.378
239779	0.382
239780	0.366
239781	0.403
239783	0.405
239785	0.401
239787	0.460
239789	0.373
239800	0.430
239801	0.383
239804	0.373
239808	0.399
239812	0.376
239813	0.365
239817	0.433
239818	0.444
239819	0.398
239829	0.386
239820	0.384
239826	0.334
239831	0.374
239835	0.432
239837	0.423
239839	0.367
239840	0.425
239841	0.403
239845	0.389
239843	0.385
239844	0.391
239849	0.421
239847	0.407
239851	0.402
239857	0.442
239858	0.423
239860	0.434
239861	0.408
239862	0.403
239864	0.406
239868	0.381
239869	0.462
239871	0.396
239885	0.396
239887	0.394
239984	0.445
239980	0.431
239981	0.433
239985	0.450
239986	0.434
239694	0.428
239696	0.466
239697	0.414
239707	0.438
239699	0.329
239704	0.362
239706	0.434
239709	0.322
239710	0.361
239712	0.424
239715	0.379
239717	0.365
239739	0.425
239718	0.434
239719	0.363
239720	0.393
239723	0.370
239878	0.400
239872	0.417
239693	0.444
239695	0.419
239698	0.411
239700	0.415
239701	0.444
239702	0.438
239703	0.371
239705	0.445
239873	0.363
239874	0.340
239875	0.303
239884	0.403
239876	0.344
239879	0.395
239880	0.400
239882	0.387
239883	0.404
239848	0.432
239853	0.441
239748	0.367
239821	0.336
239846	0.416
239850	0.401
239852	0.403
239736	0.412
239888	0.381
239669	0.358
239802	0.367
239790	0.387
239798	0.455
239794	0.500
239791	0.396
239810	0.417
239671	0.406
239834	0.406
239662	0.423
239665	0.352
239713	0.369
239714	0.401
239716	0.418
239743	0.403
239744	0.396
239747	0.350
239749	0.423
239769	0.380
239771	0.404
239772	0.395
239774	0.383
239775	0.407
239777	0.344
239784	0.406
239786	0.410
239792	0.438
239796	0.373
239797	0.432
239799	0.436
239805	0.377
239806	0.390
239807	0.368
239814	0.401
239816	0.333
239823	0.346
239886	0.414
239889	0.405
239890	0.411
239977	0.466
239978	0.456
239983	0.408
239666	0.369
239670	0.330
239675	0.432
239708	0.458
239982	0.428
239877	0.421
239867	0.380
239842	0.396
239838	0.417
239793	0.434
239788	0.469
239979	0.410
239726	0.455
239653	0.376
239655	0.347
239679	0.442
239680	0.385
239682	0.404
239684	0.405
239689	0.366
239721	0.330
239722	0.364
239727	0.473
239735	0.422
239756	0.398
239759	0.395
239765	0.373
239832	0.380
239856	0.403
239651	0.425
239811	0.385
239687	0.377
239678	0.371
239828	0.371
239776	0.413
239825	0.351
239753	0.348
239742	0.390
239859	0.426
239866	0.408
239815	0.332
671046	0.220
564440	0.000
631936	0.291
134930	-0.051
134925	0.148
92816	0.202
95619	0.150
160542	0.311
220705	0.211
188785	0.435
541120	0.465
362906	0.304
396122	0.508
396120	0.516
396121	0.561
396119	0.489
435712	0.532
217371	0.151
217369	-0.096
494702	0.332
494478	0.358
566339	0.480
243423	0.148
329613	0.466
334093	0.525
334092	0.580
217370	0.044
156551	0.110
581227	0.293
484362	0.409
483926	0.413
484255	0.429
484516	0.407
614953	0.613
77926	0.430
145220	0.468
21611	0.576
220704	0.270
380930	0.409
134937	0.187
582037	0.325
628835	-0.014
109970	0.260
483146	0.418
483144	0.412
483128	0.389
483131	0.416
483143	0.394
483145	0.421
483130	0.421
483129	0.413
681992	0.333
491398	0.584
395285	0.492
631935	0.112
32202	0.196
147236	0.201
52397	0.232
217687	0.448
352583	0.308
527603	0.383
411903	0.519
544019	0.123
110861	0.385
28365	0.120
31964	0.206
62084	0.490
55869	0.178
622147	0.161
83776	0.138
544180	0.566
266498	0.275
266463	0.332
266466	0.281
266471	0.316
266473	0.350
266475	0.303
266479	0.352
266460	0.414
266467	0.288
266469	0.395
266476	0.337
266496	0.317
266468	0.232
266464	0.322
266487	0.328
266490	0.313
266481	0.353
266491	0.291
266457	0.368
266459	0.401
266495	0.293
266472	0.301
266462	0.330
266470	0.325
266478	0.296
266483	0.326
266484	0.385
266486	0.352
266494	0.372
266497	0.264
266458	0.354
266477	0.336
266482	0.348
266485	0.369
266488	0.332
266489	0.275
266493	0.300
266492	0.309
266456	0.371
266461	0.357
266465	0.305
266474	0.367
266480	0.336
551530	0.625
563750	0.503
477170	0.112
531730	0.207
31966	0.400
58343	0.512
541449	0.397
541440	0.408
127580	0.123
127581	0.135
127582	0.099
172159	0.066
219234	0.027
493121	0.450
352586	0.437
567364	0.098
28366	0.107
173261	0.082
173260	0.121
352582	0.373
352585	0.295
31675	0.496
99946	0.005
99940	0.155
99947	0.051
99936	0.119
99937	0.116
99938	0.108
99943	0.053
99944	-0.030
99945	0.034
99948	0.008
31674	0.478
31673	0.435
99933	0.088
99942	0.025
99934	0.067
99939	0.182
99935	0.127
99941	0.009
29740	0.392
18162	0.132
18168	0.134
18157	0.110
18153	0.259
18158	0.321
18159	0.307
18160	0.269
18154	0.307
18152	0.179
18155	0.112
18164	0.283
18166	0.119
18156	0.338
18167	0.354
18163	0.336
18165	0.382
18161	0.358
646799	0.478
646846	0.363
646802	0.483
646806	0.429
646808	0.460
646814	0.426
646816	0.430
646819	0.404
646822	0.417
646836	0.397
646837	0.391
646840	0.408
646841	0.392
646842	0.343
646844	0.351
646807	0.438
646835	0.409
646820	0.394
646804	0.456
646817	0.380
646823	0.397
646809	0.454
646805	0.471
646800	0.506
646818	0.400
646824	0.397
646821	0.444
646843	0.326
646845	0.352
646839	0.367
646838	0.396
646803	0.479
646801	0.473
646798	0.429
646815	0.393
646813	0.399
646810	0.451
646812	0.432
327757	0.430
646834	0.377
344922	0.512
