621791
621810
621802
621795
271577
220703
63379
63377
63380
63376
96563
96559
96562
96558
96557
96560
96561
63378
105095
105090
105093
105092
105091
105094
494701
495551
655196
656192
40193
40210
40258
40276
40291
40196
40274
40278
40282
40286
40198
40199
40200
40203
40208
40251
40268
40192
40277
40307
40257
40261
40264
40267
40269
40270
40253
40272
40280
40289
40300
40305
40250
40279
40284
40201
40202
40205
40206
40207
40254
40255
40260
40265
40266
40271
40275
40283
40292
40294
40296
40297
40299
40303
40273
40262
40285
40252
40189
40191
40195
40287
40288
40293
40295
40301
40302
40304
40306
40309
40190
40194
40197
40204
40256
40259
40290
40298
40308
40209
40263
40281
656193
656190
656191
656185
656186
656189
656187
655177
655178
319561
319560
319559
360357
655191
660532
660533
688795
688804
686088
686076
686075
688813
688823
688796
686086
688798
688816
688822
688825
688827
686092
688799
688803
686093
686089
686087
686085
686084
686081
686080
686079
686077
688811
688810
688809
688808
688807
688828
688824
688806
688802
688800
688797
688818
688817
688815
688814
688812
686094
688826
688821
688829
686082
688805
686091
688819
688801
686078
686083
686090
688820
518862
695919
559890
98077
98070
98072
98073
98074
98078
98076
98071
155854
354034
698416
98075
419666
110657
177146
660534
527373
105105
105106
185819
134927
134928
59971
59972
59974
59973
128306
189942
189944
189945
189943
189947
189946
353457
353486
353455
353458
353484
353485
353459
353466
353474
353476
353471
353473
353456
353460
353463
353467
353469
353470
353461
353468
353472
353478
353487
353477
353481
353482
353464
353462
353479
353483
353480
353475
216110
216112
216111
217372
243422
156552
478427
686315
614236
686314
239667
239673
239763
239803
239809
239865
239652
239677
239681
239691
239692
239729
239778
239782
239762
239656
239661
239795
239827
239658
239830
239833
239836
239854
239855
239863
239870
239881
239663
239690
239711
239731
239745
239750
239822
239824
239654
239659
239660
239664
239668
239683
239686
239657
239764
239672
239674
239676
239685
239688
239725
239724
239734
239728
239730
239732
239733
239737
239738
239740
239741
239746
239751
239752
239754
239757
239755
239758
239760
239761
239766
239767
239770
239768
239773
239779
239780
239781
239783
239785
239787
239789
239800
239801
239804
239808
239812
239813
239817
239818
239819
239829
239820
239826
239831
239835
239837
239839
239840
239841
239845
239843
239844
239849
239847
239851
239857
239858
239860
239861
239862
239864
239868
239869
239871
239885
239887
239984
239980
239981
239985
239986
239694
239696
239697
239707
239699
239704
239706
239709
239710
239712
239715
239717
239739
239718
239719
239720
239723
239878
239872
239693
239695
239698
239700
239701
239702
239703
239705
239873
239874
239875
239884
239876
239879
239880
239882
239883
239848
239853
239748
239821
239846
239850
239852
239736
239888
239669
239802
239790
239798
239794
239791
239810
239671
239834
239662
239665
239713
239714
239716
239743
239744
239747
239749
239769
239771
239772
239774
239775
239777
239784
239786
239792
239796
239797
239799
239805
239806
239807
239814
239816
239823
239886
239889
239890
239977
239978
239983
239666
239670
239675
239708
239982
239877
239867
239842
239838
239793
239788
239979
239726
239653
239655
239679
239680
239682
239684
239689
239721
239722
239727
239735
239756
239759
239765
239832
239856
239651
239811
239687
239678
239828
239776
239825
239753
239742
239859
239866
239815
671046
564440
631936
134930
134925
92816
95619
160542
220705
188785
541120
362906
396122
396120
396121
396119
435712
217371
217369
494702
494478
566339
243423
329613
334093
334092
217370
156551
581227
484362
483926
484255
484516
614953
77926
145220
21611
220704
380930
134937
582037
628835
109970
483146
483144
483128
483131
483143
483145
483130
483129
681992
491398
395285
631935
32202
147236
52397
217687
352583
527603
411903
544019
110861
28365
31964
62084
55869
622147
83776
544180
266498
266463
266466
266471
266473
266475
266479
266460
266467
266469
266476
266496
266468
266464
266487
266490
266481
266491
266457
266459
266495
266472
266462
266470
266478
266483
266484
266486
266494
266497
266458
266477
266482
266485
266488
266489
266493
266492
266456
266461
266465
266474
266480
551530
563750
477170
531730
31966
58343
541449
541440
127580
127581
127582
172159
219234
493121
352586
567364
28366
173261
173260
352582
352585
31675
99946
99940
99947
99936
99937
99938
99943
99944
99945
99948
31674
31673
99933
99942
99934
99939
99935
99941
29740
18162
18168
18157
18153
18158
18159
18160
18154
18152
18155
18164
18166
18156
18167
18163
18165
18161
646799
646846
646802
646806
646808
646814
646816
646819
646822
646836
646837
646840
646841
646842
646844
646807
646835
646820
646804
646817
646823
646809
646805
646800
646818
646824
646821
646843
646845
646839
646838
646803
646801
646798
646815
646813
646810
646812
327757
646834
344922
