417345
216317
216313
578189
407662
337240
353093
254772
367000
399066
337241
618986
595494
337242
164020
578196
365256
682467
64346
65752
387477
93838
162434
162433
386003
402789
578195
257876
248204
398597
320136
514986
452154
233322
460851
320135
692587
427594
427596
427597
454560
435411
346906
346905
346904
628335
370308
351777
242854
329716
232867
46654
46656
683175
46655
111048
678527
463159
388051
25039
163738
37238
692209
404560
404562
677395
483536
411567
405504
408099
524738
594481
26141
391846
392226
432606
235678
677839
692584
388198
388197
338045
523404
37237
495784
495785
495786
543234
659805
366835
450854
431823
450851
431831
37236
162431
52284
52357
654658
416280
653193
653191
169261
414827
7062
414826
516752
366021
431822
161716
93139
35800
234869
567272
493113
233321
233323
684758
369395
459884
385785
221456
131571
520934
377245
594358
421710
170600
440838
341958
257874
592320
591428
351428
587172
396271
159705
159702
159707
159704
159706
159710
255216
233044
159701
196400
628634
319401
319399
49513
592264
251239
182790
162399
391312
159708
513350
251441
391642
614343
347647
651785
410262
410260
410263
58241
146323
682468
77247
77246
76094
106955
662875
182229
182275
102305
184418
257963
218779
392995
515218
515197
515199
148828
619029
7060
515195
515222
148835
148838
148837
148833
67579
685028
187702
200460
486054
675639
438570
327484
338323
675622
675642
147317
675640
675669
675678
675644
675647
675653
675662
675658
675649
486061
675659
7067
7065
7063
148832
25589
52593
390663
377246
70067
171626
171625
171624
148836
171631
171629
174060
174061
148829
148839
618974
237273
238244
76362
231247
332069
408913
568597
117096
362489
209924
231243
19514
128977
157443
151075
175389
112073
500293
231244
116645
417685
162626
346537
660972
231248
7061
7066
7068
370365
675637
675619
680466
680465
516612
675590
675587
675673
675618
675584
675672
675675
675657
516613
15945
15944
165809
486059
486055
486073
675292
462508
367991
107349
126819
126818
69178
126779
126789
