164020 0.240 0.880 0.680
164020 0.760 1.920 0.420
93838 3.120 4.440 0.340
93838 5.000 5.560 0.720
93838 6.080 7.480 0.300
93838 8.120 8.640 0.740
93838 8.520 9.040 0.740
93838 10.280 11.480 0.400
162434 0.160 1.080 0.540
162434 1.320 2.240 0.540
162434 2.320 3.200 0.560
162433 0.000 0.720 0.640
257876 0.000 1.000 0.500
257876 3.880 5.120 0.380
248204 0.000 0.680 0.660
248204 1.320 2.240 0.540
460851 0.000 0.680 0.660
460851 0.720 1.400 0.660
460851 1.320 2.040 0.640
460851 1.960 2.640 0.660
460851 2.560 3.240 0.660
460851 3.160 3.840 0.660
460851 3.760 4.440 0.660
460851 4.360 5.040 0.660
320135 0.440 1.760 0.340
320135 3.720 4.760 0.480
427597 2.960 3.640 0.660
435411 4.680 5.120 0.780
346905 0.280 1.520 0.380
346905 2.160 3.320 0.420
242854 0.160 1.440 0.360
242854 1.480 2.080 0.700
329716 1.120 1.960 0.580
232867 2.120 3.360 0.380
232867 7.320 7.880 0.720
463159 0.000 0.800 0.600
463159 4.000 5.160 0.420
388051 0.000 1.160 0.420
388051 1.520 2.240 0.640
677395 7.600 8.081 0.760
411567 1.480 2.120 0.680
26141 0.720 2.080 0.320
388198 2.440 3.000 0.720
388197 2.440 3.000 0.720
338045 0.000 1.160 0.420
338045 1.960 3.240 0.360
659805 1.640 2.160 0.740
366835 3.400 4.000 0.700
366835 6.680 7.280 0.700
431831 2.280 2.840 0.720
162431 0.000 0.760 0.620
162431 1.000 1.520 0.740
162431 1.600 2.520 0.540
162431 3.240 4.040 0.600
52284 0.000 1.080 0.460
52284 1.720 2.240 0.740
52357 0.000 1.080 0.460
52357 1.720 2.240 0.740
654658 0.480 1.240 0.620
653193 0.080 0.840 0.620
653193 1.360 2.040 0.660
653193 2.600 3.320 0.640
653193 4.000 4.560 0.720
653193 5.400 6.000 0.700
653193 6.920 7.560 0.680
653193 8.440 9.080 0.680
653193 9.880 10.600 0.640
653191 0.080 0.800 0.640
653191 1.400 2.080 0.660
653191 2.880 3.560 0.660
653191 4.320 5.000 0.660
653191 5.920 6.520 0.700
653191 7.360 8.000 0.680
653191 8.840 9.520 0.660
234869 0.480 1.360 0.560
234869 1.320 1.880 0.720
493113 2.240 3.280 0.480
493113 3.360 4.480 0.440
493113 7.560 8.640 0.460
493113 9.000 10.400 0.300
493113 10.880 12.000 0.440
369395 1.000 2.160 0.420
369395 2.280 2.800 0.740
459884 0.000 0.400 0.800
459884 1.680 2.240 0.720
520934 0.880 2.000 0.440
520934 1.920 2.480 0.720
594358 5.440 6.040 0.700
594358 6.240 6.880 0.680
594358 7.200 7.720 0.740
396271 1.960 3.120 0.420
396271 3.280 4.400 0.440
396271 4.960 5.600 0.680
396271 5.480 6.040 0.720
159705 2.600 3.160 0.720
255216 0.000 0.760 0.620
255216 1.120 2.040 0.540
255216 2.320 3.160 0.580
255216 3.560 4.440 0.560
628634 0.120 0.760 0.680
628634 2.080 2.800 0.640
49513 1.920 2.480 0.720
592264 4.080 4.960 0.560
162399 0.000 0.840 0.580
162399 0.920 1.960 0.480
162399 1.920 2.880 0.520
162399 2.840 3.800 0.520
162399 3.840 4.840 0.500
162399 5.000 6.040 0.480
391312 0.160 0.720 0.720
391312 0.960 1.560 0.700
391312 1.400 2.000 0.700
391312 1.920 2.440 0.740
513350 3.760 4.400 0.680
513350 4.440 5.040 0.700
76094 0.800 1.760 0.520
76094 2.560 3.520 0.520
106955 2.240 2.760 0.740
182229 0.040 0.840 0.600
182229 1.560 2.080 0.740
182229 2.640 3.440 0.600
182275 0.120 0.680 0.720
182275 0.720 1.280 0.720
182275 2.360 2.880 0.740
184418 0.840 1.760 0.540
184418 2.800 3.760 0.520
184418 4.800 5.720 0.540
218779 0.040 0.720 0.660
218779 0.840 1.560 0.640
218779 1.920 2.640 0.640
218779 3.080 3.880 0.600
148828 0.600 1.840 0.380
148828 2.400 3.440 0.480
515222 0.000 0.840 0.580
515222 0.680 1.680 0.500
515222 1.560 2.800 0.380
515222 2.640 3.600 0.520
515222 3.600 4.200 0.700
148835 0.200 0.960 0.620
148835 9.040 9.979 0.531
148833 3.800 5.160 0.320
438570 0.000 0.560 0.720
338323 0.000 0.960 0.520
338323 3.760 4.280 0.740
675642 0.000 1.280 0.360
675669 6.360 7.400 0.480
675678 0.880 1.560 0.660
675644 0.000 1.200 0.400
675644 3.160 4.320 0.420
675662 0.000 1.160 0.420
675662 1.720 2.360 0.680
148832 0.120 1.520 0.300
148832 2.720 3.360 0.680
25589 1.560 2.560 0.500
25589 4.080 4.640 0.720
25589 4.640 5.640 0.500
25589 7.720 8.320 0.700
25589 8.400 9.360 0.520
148836 0.360 0.880 0.740
148836 5.960 6.478 0.741
231247 0.000 1.200 0.400
231247 3.440 4.640 0.400
231247 4.520 5.720 0.400
332069 5.800 6.840 0.480
209924 3.640 4.838 0.401
19514 0.080 1.160 0.460
19514 3.840 4.960 0.440
19514 8.600 9.640 0.480
157443 0.480 1.120 0.680
157443 1.000 1.520 0.740
500293 0.000 0.600 0.700
500293 1.960 2.600 0.680
231244 0.800 2.040 0.380
231244 4.480 5.760 0.360
417685 0.120 0.640 0.740
417685 0.520 1.680 0.420
417685 3.840 4.440 0.700
417685 4.560 5.120 0.720
370365 1.040 1.640 0.700
370365 1.720 2.440 0.640
370365 2.840 3.400 0.720
370365 3.520 4.040 0.740
370365 6.000 6.840 0.580
370365 6.720 7.760 0.480
675619 3.120 3.680 0.720
516612 1.560 2.160 0.700
516612 4.960 5.560 0.700
675590 3.000 3.960 0.520
675618 0.000 0.520 0.740
675584 2.720 3.320 0.700
675584 4.600 5.320 0.640
675672 0.000 0.880 0.560
675672 1.840 3.160 0.340
516613 2.360 3.000 0.680
516613 4.440 5.040 0.700
516613 6.920 7.440 0.740
165809 5.400 6.720 0.340
126819 0.000 0.640 0.680
126819 0.640 1.360 0.640
126819 1.480 2.080 0.700
126818 0.000 0.640 0.680
126818 0.600 1.480 0.560
69178 0.000 0.800 0.600
69178 0.760 1.800 0.480
69178 1.760 2.800 0.480
69178 2.760 3.760 0.500
69178 3.720 4.760 0.480
69178 4.720 5.760 0.480
69178 5.720 6.720 0.500
69178 6.680 7.608 0.536
