417345
216317
216313
476741
578189
407662
337240
353093
399067
254772
367000
399066
399065
337241
253436
253438
618986
595494
578191
457044
428554
110622
337242
619041
164020
578196
365256
682467
64346
65752
387477
578192
578194
548628
615028
348664
93838
221640
162434
162433
162435
240855
386003
646947
693546
402789
578195
257876
315858
248204
435407
398597
320136
654373
548008
514986
452154
233322
460851
320135
693547
684542
692587
538302
435405
427594
427596
435401
435403
435397
435395
435402
435399
435393
435398
435396
435394
249778
351778
427597
235427
255272
454560
466311
435411
37789
460852
346906
346905
346904
628335
370308
351777
242854
594921
564309
564311
564310
564313
329716
232867
46654
46656
683175
46655
111048
127846
678527
337166
463159
427396
553364
25037
388051
25039
163738
37238
685391
692209
404560
404562
404561
259758
397657
669716
677395
107619
484196
107621
687946
483536
411567
473846
405504
408099
524738
171236
274559
147901
594481
26141
391846
392226
432606
235678
677839
354049
692584
202725
186049
239596
415501
203339
388198
552536
520041
520050
520052
388197
338045
693691
523404
37237
495784
495785
495786
558194
543234
629029
659805
182236
573978
145206
570304
558210
619044
366835
393651
403251
613911
450854
450853
417686
431828
431823
431834
450851
616865
431827
431832
431831
37236
431838
445108
431833
431826
558195
423211
162431
162430
52284
52357
398348
654658
416280
653193
653191
169261
143615
326680
414827
143614
626794
545958
7062
414826
516752
366021
417689
396275
516756
143613
143612
445346
328768
363168
581771
372589
431822
35798
161716
627087
557513
93139
516754
581768
581769
35800
557515
557514
234869
567272
493113
330293
431835
233321
233323
684758
684757
640721
516750
369395
459884
516753
385785
221456
221430
404245
253736
464563
131571
581773
581770
520934
647594
423214
143617
377245
391638
614254
594358
262598
421710
410372
581772
170600
440838
516747
516745
218778
341958
455922
391643
257874
143616
592320
591428
557595
351428
420687
148827
542726
587172
396271
424630
159705
159702
159707
159704
159706
159710
255216
233044
528709
514228
159701
196400
338046
628634
319401
319399
49513
163119
592264
335033
416417
251239
182790
432366
191449
231206
77085
391640
100144
100143
508245
162399
231207
391312
159708
391639
258194
231205
201713
391631
253734
514649
513350
513349
513351
396274
251441
338242
607056
616090
391642
513354
660299
464564
544675
614343
391637
347647
182052
360607
697894
544676
651785
91572
326116
395789
476240
476239
410261
410262
410260
410263
138680
656527
238916
166493
58241
523589
146323
693560
682468
77247
77246
239135
76090
76091
76094
76093
106955
662875
182229
377745
182275
182246
565793
32841
32842
102305
182261
182228
259539
184418
257963
218779
392995
248293
144433
515218
515197
515199
44415
145612
145608
148828
619029
7060
515195
515222
67556
67557
148835
148838
145609
148837
148833
190063
147377
232749
67579
393671
685028
495054
239138
187702
200460
182245
486054
675674
675639
438569
438570
438573
438582
327484
406228
240717
338323
395572
528112
675622
675670
675581
675612
675642
147317
675640
675655
675648
675669
675641
675678
675644
675647
675653
169564
675662
675646
675658
675594
675649
486019
486061
615808
675659
7067
7065
7063
486068
486044
486060
486062
486077
104401
682043
682044
148830
182776
75347
594311
571906
516036
234127
386780
543235
383887
383796
501178
618975
148832
348665
148831
133799
366999
25589
145680
440146
188304
635944
90965
52593
406108
380349
101961
101962
409798
144472
445380
81045
583505
390663
654133
141470
659933
94695
377246
528771
473518
377970
70067
120151
654140
645681
171630
171626
171625
171624
148836
171623
171631
171629
171632
119167
171621
564641
564644
174059
174060
174061
174062
171619
148829
174057
148839
618974
347674
594018
545693
608945
184317
684823
260738
530225
71300
153492
133795
238241
237273
238244
238242
76361
76362
465488
37910
390616
366461
339976
231247
271458
341956
271453
445107
21999
655677
660975
332069
447935
550379
654105
654104
56946
508240
384987
654103
654109
654102
201671
201672
555747
201667
97791
408913
418431
647556
160772
584361
653398
67349
423928
67352
568597
445784
240698
68036
122838
30749
15545
117099
117096
123222
474125
65691
362489
241779
376839
209924
82459
437070
484060
83671
231243
19514
458676
458666
441809
128977
508246
460855
460854
191847
157443
241257
318424
406111
348157
254497
72680
231245
160355
546643
546420
387692
514886
514887
125346
501566
481099
505202
505204
505206
151075
589845
460856
39067
514904
589843
159622
39066
467300
549351
452155
362782
386842
351307
190017
175389
112073
222131
675008
432141
500293
427599
348155
427593
546636
460857
276959
245883
535566
410442
231244
116645
260939
417685
162626
263513
370344
387190
348156
346537
628694
100240
655901
399121
505199
388208
693125
392745
674569
660972
660974
660976
660973
618989
245602
651786
580869
674748
46063
653430
256912
231248
674744
589848
441808
441803
486342
86246
119958
123894
123893
351226
121766
121765
239137
111853
39065
479550
7061
408727
7066
7064
7068
522071
370365
347593
347596
412261
145209
325157
675620
675603
685445
675635
675637
675619
675607
675600
675592
675597
675599
623281
680466
680465
516612
410291
675598
675590
486032
520562
621817
675636
675587
675602
642703
642704
568009
568008
276885
675623
675673
675618
675664
675584
675605
675672
675675
675676
675611
675610
675663
675661
675608
675626
675656
675585
675629
675657
486042
400117
516613
520561
675756
171634
523579
161272
15945
15944
211531
165809
560011
486050
486046
486028
486064
486035
486059
486055
486073
466716
462506
614605
614608
675292
71324
568190
403252
681493
625742
327961
462508
367991
581767
107349
574474
337732
613721
483239
613722
126819
126818
184136
184143
69060
71339
69178
126786
126779
126785
126789
128979
507599
507602
507577
507596
410841
507552
507561
507568
