417345
216317
216313
407662
353093
254772
367000
399066
618986
595494
578196
365256
682467
64346
65752
387477
386003
402789
398597
320136
514986
452154
233322
692587
427594
427596
454560
346906
346904
628335
370308
351777
46654
46656
683175
46655
111048
678527
25039
37238
692209
404560
404562
483536
405504
408099
524738
594481
392226
432606
235678
677839
692584
523404
37237
495784
495785
495786
543234
450854
450851
416280
169261
414827
7062
414826
366021
161716
93139
35800
567272
233323
684758
385785
131571
377245
421710
170600
440838
341958
257874
592320
591428
351428
587172
159702
159707
159704
159706
159710
233044
159701
196400
319401
319399
182790
159708
614343
651785
410262
410260
410263
58241
682468
77247
77246
662875
102305
257963
392995
515218
515197
515199
619029
7060
515195
148838
148837
685028
187702
200460
486054
675639
327484
675622
147317
675640
675653
675658
675649
486061
675659
7067
7065
7063
52593
390663
377246
70067
171626
171625
171624
171631
171629
174060
174061
148829
148839
618974
237273
238244
76362
117096
362489
231243
151075
175389
112073
116645
162626
346537
660972
231248
7061
7066
7068
675637
675587
675673
675675
675657
486059
486055
486073
675292
462508
367991
107349
126779
126789
