417345
216316
216318
216315
216314
216317
216319
216320
216313
216312
476741
578189
407662
337240
353093
399067
254772
367000
399066
399065
337241
253436
253438
382212
618986
595494
578191
457044
428554
110622
337242
619041
164020
578196
620851
620841
620842
620834
620849
620850
620853
620854
620855
620858
620859
620845
620852
620833
620844
620848
365256
682467
64346
65752
387477
578192
404816
578194
548628
615028
348664
93838
221640
162434
162433
162435
240855
386003
646947
693546
578198
402789
473935
578195
257876
315858
366878
248204
435407
398597
320136
654373
548008
514986
452154
233322
460851
320135
693547
684542
692587
538302
698764
473934
435405
366374
427594
427596
435401
435403
435397
435395
435402
435399
435393
435398
435396
435394
249778
351778
427597
235427
255272
454560
466310
320742
466311
435411
37789
460852
411689
529858
346906
346905
346904
628335
370308
464839
351777
699452
699451
699450
532286
242854
594921
564309
564311
564310
564313
329716
232867
46654
46656
683175
46655
111048
127846
678527
337166
463159
553363
427396
553364
25037
388051
25039
163738
174286
174283
37238
685391
692209
467398
404560
404562
404561
259758
397657
669716
677395
107619
484196
107621
687946
553906
483536
411567
473846
405504
408099
524738
476469
171236
274559
147901
594481
26141
391846
392226
432606
235678
677839
682795
94158
70094
354049
692584
202725
186049
425349
239596
415501
203339
388198
552536
520049
520041
520050
520052
388197
338045
693691
523404
424917
37237
495784
495785
495786
328073
558194
543234
333499
333500
629029
659805
182236
573978
145206
537941
570304
558210
619044
580434
366835
130124
130122
393651
194312
403251
613911
450854
450853
686297
417686
431828
431823
431834
450851
616865
431827
431832
431831
37236
130121
130126
130125
130119
431838
445108
431833
431826
558195
423211
162431
162430
52284
52357
398348
654658
416280
653193
653191
169261
143615
546217
467404
326680
638903
414827
143614
412795
626794
545958
7062
614266
414826
674379
674378
516752
96190
366021
417689
396275
516756
143613
143612
445346
98748
328768
363168
581771
372589
431822
251217
35798
161716
627087
386745
96376
565450
557513
565449
93139
516754
581768
581769
420365
442468
257364
35800
557515
557514
234869
384252
567272
493113
330293
431835
478345
478340
478341
478344
233321
233323
240719
562627
684758
684757
640721
516750
369395
257232
621768
384253
366380
543485
459884
516753
385785
221431
221456
221430
698984
404245
253736
464563
131571
581773
581770
520934
647594
423214
143617
470782
377245
391638
614254
594358
262598
421710
410372
612038
581772
170600
440838
386758
516747
516744
404166
516745
218778
341958
455922
455924
391643
257874
442473
143616
435408
592320
344813
591428
557595
351428
420687
148827
542726
587172
273303
396271
214990
424630
159705
159702
159707
159704
159706
159710
255216
233044
528709
514228
93979
159701
196400
338046
658566
628634
218485
319401
319399
49513
163119
211536
592264
335033
416417
251239
245154
394187
182790
432366
191449
435410
435406
435412
231206
77085
391640
100144
327553
100143
508245
162399
231207
391312
159708
391639
516751
516746
516749
258194
397681
231205
201713
391631
521238
275319
253734
514649
513353
513350
513352
513349
513351
396274
251441
435404
338242
607056
350582
614234
610299
609546
89507
198497
517058
391641
259553
616090
391642
513354
660299
464564
582464
544675
138681
614343
582463
391636
582462
391637
347647
635762
350580
182052
241827
360607
58515
697894
544676
671543
651785
91572
538795
326116
395789
256909
476240
476239
410261
410262
410260
410263
138680
656527
575804
238916
166493
58241
576966
523589
494331
494401
501724
146323
693560
546910
682468
627410
77247
77246
397931
239135
76090
76091
76094
76093
106955
76092
386821
662875
182229
377745
182268
182275
182246
182237
565793
182232
182250
32841
32842
102305
182261
182228
546625
259539
614268
184418
257963
334241
334239
518739
334240
386822
218779
614264
392995
248293
144433
515218
515197
515199
44415
145612
145608
148828
619029
7060
515195
515222
172397
67556
67557
148835
148838
43991
145609
148837
148833
190063
658839
104404
147377
445486
232749
15350
565794
644596
67581
67580
67579
393671
100178
100174
685028
495054
239138
187702
200460
592173
182259
182265
182258
182244
182238
182243
182226
182242
182255
182254
182260
182224
182253
182245
182227
182239
182220
182257
182241
182222
438568
486054
675674
675639
438569
438570
438573
438582
327484
612875
406228
240717
338323
395572
528112
675622
675670
675581
675612
675642
543647
220516
147317
675640
675655
675648
675669
675641
675678
675644
675647
675653
169564
675662
675646
675658
675594
675649
486019
486061
615808
675659
7067
7065
7063
486026
486068
486044
486060
654490
486062
486077
101666
412262
44419
43992
43993
44414
594278
104401
412300
44420
43994
682043
682044
648867
648863
648866
648864
648865
648862
148830
182776
661721
75347
594311
571906
516036
457408
457407
44413
20710
234127
20709
386780
543235
501177
426793
392371
386777
383887
361471
383796
145549
190707
457406
501178
618975
148832
348665
148831
20711
426314
350610
133799
125381
426313
688864
618992
618993
647557
196908
366999
333495
25589
145548
145680
440146
370251
326677
408426
326666
188304
253720
352592
571210
440144
440142
440145
440143
440147
108438
529860
635944
90965
128154
52593
406108
380349
72685
101961
101962
345540
19289
409798
164668
164665
505407
164666
144472
406226
445380
159463
81045
364439
94259
364462
364473
364464
583505
364474
366611
410481
492821
390663
407358
365633
253722
145475
654133
141470
485851
697619
659933
94695
365635
377246
611009
528771
473518
377970
365634
70067
120151
654140
93980
645681
94101
659954
171630
171626
171625
171622
171624
148836
171610
171623
171631
171629
44421
171632
119167
431829
171621
564641
564642
564643
564644
174059
174060
174061
174062
174058
531036
171619
148829
174057
148839
131144
186525
618974
422688
347674
594018
659955
353277
700243
545693
608945
164917
235784
513746
184317
684823
260738
530225
677160
71300
418961
699953
342953
699954
153492
155184
108442
133795
562628
508243
155183
265247
238241
237273
238244
150500
238242
76361
76362
562629
562630
501559
465488
644966
508241
162386
407715
37910
184961
390616
366461
120059
339976
235679
366465
435376
156438
319958
231247
271458
614267
341956
236939
271453
445107
21999
655677
660975
266046
120152
366974
407717
332069
447935
550379
654105
654104
120513
120515
120514
56946
508240
107801
384987
107805
135118
72683
363167
592321
31170
555751
654103
654109
654102
201671
31171
201672
555747
201667
418330
405108
97791
133814
408913
418431
253728
647556
160772
584361
653398
635130
67349
423928
171214
171216
258264
67352
568597
445784
240698
567308
486343
68036
122825
122826
122827
122828
318773
122829
122839
122830
122835
122833
122842
122838
122832
122837
122841
122843
122840
122834
122831
122836
495100
495102
495105
495098
495095
495101
495107
495106
495097
495103
495104
495096
593888
595820
495099
341223
328062
698852
698864
177023
177025
698865
177024
698853
30749
459645
611996
15545
117099
117096
117095
459644
459638
459639
123223
459640
580287
515202
123222
459637
675009
474125
39063
39062
38400
38401
65691
362489
241779
366489
376839
147385
397929
696427
209924
234520
318378
39064
429698
411928
411586
411583
411584
411588
411585
411587
82459
437070
401918
166614
405576
405578
344814
481097
171209
699572
458663
484059
484058
484060
469385
83671
57945
231243
66086
19514
100803
367084
456195
458671
458676
458666
458680
458662
458668
458678
458684
458670
458673
199894
171210
441822
392738
441809
128977
508242
508246
365145
418959
51057
436074
462220
460848
460853
460855
460847
460854
223247
380158
244262
191847
30990
157443
157444
241257
318420
318394
318398
318388
318422
318395
318386
318431
318424
318387
318390
318393
318389
318391
318392
318400
318417
318419
318421
318423
318425
318426
406111
249499
267895
380763
367349
449040
377549
337234
337235
106733
106732
106734
348157
355343
318381
318372
318380
318382
318377
318373
318375
318376
318406
318415
318403
318407
318409
318412
318413
318401
318408
318410
318402
318405
318414
318416
254497
249161
165827
112074
72684
72680
72681
231245
160355
546643
436070
546420
387692
130505
514886
514888
514889
514891
514896
514899
514910
514887
514890
514895
514908
514897
514892
514906
514894
514898
578644
578596
441806
318374
318379
125346
514893
418958
501566
548138
333065
495087
495088
495094
495090
495092
495091
495085
495089
495093
481099
543909
543483
543135
543911
543912
543906
543910
520963
505197
505202
505204
505206
505200
501564
151075
501557
501556
501558
501563
501561
529001
263459
514658
514668
85120
38399
589845
460856
39067
514904
616996
589843
159622
619976
514905
377551
39066
611449
488329
467300
549351
153559
177353
480906
609643
365637
452155
423301
152322
266170
362782
386842
351307
190017
500586
326117
650430
700413
699655
652630
652631
266169
175389
112073
177863
222131
441796
675008
347447
693124
505205
460859
500546
631467
321216
432141
500293
456271
427599
348155
427593
546636
460857
276959
245883
535566
410442
231244
116645
260939
321215
212967
417685
620935
620936
620934
162626
263513
219388
245460
495086
326118
456275
370344
387190
348156
522092
620933
326115
346537
628693
628694
249596
100240
626410
514907
529002
655901
147908
326119
399121
460846
505199
409317
388208
84456
693125
655762
392745
609542
620929
674569
674743
660971
660972
660974
660976
660973
365636
696435
618989
245602
651786
630527
411589
580869
674748
540824
610361
677157
445111
669469
46063
168986
664926
663925
653433
653431
653430
256912
326042
231248
213682
688865
688867
688866
120517
674744
221589
402790
232130
589848
481084
318339
318349
318365
318370
318346
318341
318335
441808
318351
318355
318344
318363
318340
318345
318348
318366
318332
318334
318347
318350
318358
318362
318368
318369
318342
318336
318333
318337
318338
318343
318356
318361
441803
342238
560508
486342
86246
171211
119958
123894
123893
351226
121766
121765
239137
111853
39065
479550
110847
7061
408727
277473
7066
7064
7068
522071
370365
347593
347596
412261
412292
412293
412270
412268
412260
412269
145209
325157
104396
500797
675620
639237
675603
363765
417195
685445
320395
638908
531037
316778
669717
675635
675637
675619
675607
675600
675592
675597
675599
623281
518080
675364
155188
476287
97151
238769
680466
680465
516612
410291
645812
675598
675590
486032
520562
699763
520563
675949
491268
155185
276960
559379
621817
677281
675636
675587
675602
642703
642581
642582
642704
568009
568008
276885
675623
675673
675618
675664
675584
675605
675628
675672
675675
675676
675582
675611
675610
675663
675661
675633
675608
675626
675656
675585
675629
675632
675657
46414
81205
486042
84429
400117
516613
520561
676867
675756
675944
562177
568192
568183
618093
171634
677283
319338
545658
523579
161272
641821
223420
196042
15942
15945
15944
15943
214042
211531
211530
181814
165809
577875
556461
113545
647905
561464
560011
133787
162229
486043
486050
486069
486021
486046
486028
486064
486035
486070
486065
486059
486055
486073
172970
81204
617041
330394
261180
466716
340503
340502
462507
462506
340560
340557
340559
614605
614608
614599
586083
345073
345075
675292
71324
445627
466207
568190
16346
677276
688718
682042
682028
682027
682029
682015
682024
682014
403252
683310
681493
522167
78912
78911
625742
261144
559484
327961
78910
325798
201912
462508
367991
344496
340548
340550
340553
340544
340551
340542
340545
340584
340558
581767
577604
39030
332899
266684
332882
332887
332892
332902
332900
332907
332895
332885
332903
332891
332890
332897
332901
332884
332896
332894
332906
332886
332889
332905
332904
332883
332888
332898
332908
52002
107349
326874
407712
267522
317358
201053
574474
337732
342243
155516
523581
593478
613721
52004
626930
677277
677282
190491
439745
407250
171213
479293
483239
210046
510811
407251
613722
126819
126818
184141
184145
184136
184144
184135
184137
184142
184140
184143
69060
677278
677279
677280
543266
71339
328625
69178
126786
126779
126785
126789
49971
128979
321217
476770
197397
645844
475789
475797
475799
475791
475794
475793
475798
475800
475790
475792
188964
397676
673555
673531
673556
532198
443095
507599
507602
507572
507577
507596
410841
684141
410808
507545
507552
507561
507568
