60669
60668
60670
60671
411068
219897
406832
446930
408567
411115
389992
219900
449463
617418
275055
446651
408560
408587
408565
425681
399642
469058
411022
399641
44423
469094
399621
399622
449477
581219
449449
449478
351160
9891
446766
391917
429326
429291
19885
240689
336540
201279
428806
446701
446716
446791
427715
446768
427722
446767
446793
446788
500818
446790
446524
446794
430349
449513
217953
217948
217955
114725
7805
491894
409254
509517
409246
409131
364364
618526
351156
261
242
244
243
245
587349
662508
682087
427172
48238
640803
594555
656160
133260
133262
133364
133365
133366
