587193
587197
587194
684756
482992
482993
435415
434423
434431
434430
434426
434429
434427
434425
434424
434428
110113
446625
268556
268555
86026
677934
216270
216277
216275
216272
216273
216276
216271
216274
216278
264432
35461
35463
35458
35464
35460
35462
633885
665092
446121
322481
322508
322486
322507
322509
322488
322511
322500
322479
322499
322484
322480
322498
322483
322501
322510
109741
674040
398283
322506
84521
401628
169326
335152
349130
349131
349132
349129
109747
215599
154677
154678
523783
109745
609350
77339
40968
684753
380444
380443
684754
361592
392997
255527
582404
533237
114046
332628
33677
690621
514133
258195
388329
612269
100183
186965
402011
389706
389711
389710
211881
463350
18384
102719
102733
394127
442262
402004
215605
215594
268552
268553
268828
331369
684751
684752
684750
86320
209772
420671
565490
654171
456434
626316
14615
324384
251759
174281
199741
199740
199743
199746
199738
199739
199725
478205
273587
186932
665094
278152
529025
276968
456621
186948
186929
186949
382720
347758
466006
466007
569685
162261
136727
350602
350604
539968
186930
33940
531124
75330
323316
435779
73005
183870
183869
183868
238773
426167
260952
592319
613559
65817
574699
574706
426161
93005
537771
147583
147584
627180
95069
339320
376660
343452
218717
362136
368642
136765
218718
332181
51429
584119
617043
547375
607253
685652
685651
674891
674887
338722
334235
674889
674893
674908
674896
531556
38457
273607
273577
146694
609931
323317
259285
540068
587184
587188
609588
543540
336008
109751
109752
109736
109753
109738
109746
109739
109740
434257
434255
434254
434259
434261
434263
434266
434260
434264
434271
434250
434244
434239
434238
434243
434267
434270
434245
434228
434237
109735
109734
110391
268551
99200
65731
445331
462363
649296
649293
624414
579504
435729
553152
60903
132043
588198
97963
101132
101131
49711
547132
142015
172983
554289
616284
140727
142016
140244
435726
161680
63831
547086
422079
334042
682121
682120
161687
66098
198345
198349
198338
198343
198347
198327
198335
238955
