587193
587194
684756
482992
482993
435415
434423
434431
434430
434426
434429
434427
434425
434428
110113
446625
268556
268555
86026
677934
216270
216277
216275
216272
216273
216276
216271
216274
216278
264432
35461
35463
35458
35464
35462
633885
665092
446121
322508
322486
322507
322509
322488
322511
322500
322479
322499
322484
322480
322498
322483
322501
322510
109741
398283
322506
401628
169326
335152
349130
349131
349132
349129
109747
215599
154677
154678
523783
109745
609350
77339
380444
361592
392997
255527
582404
332628
514133
388329
612269
100183
402011
389710
211881
463350
18384
102733
394127
402004
215605
215594
268553
268828
684750
86320
209772
420671
565490
456434
626316
324384
251759
174281
199741
199740
199743
199746
199738
199739
199725
273587
186932
665094
276968
456621
186929
186949
382720
347758
466007
569685
162261
136727
350602
539968
186930
33940
531124
75330
435779
73005
183870
183869
183868
238773
260952
592319
613559
65817
574706
426161
93005
147583
147584
627180
95069
343452
218717
362136
368642
136765
218718
584119
685652
685651
674887
338722
334235
674889
674893
674896
531556
38457
273607
273577
146694
609931
323317
540068
587184
609588
543540
336008
109751
109752
109736
109753
109746
109739
434257
434255
434254
434259
434261
434263
434266
434260
434264
434271
434250
434244
434239
434238
434243
434267
434270
434245
434228
434237
109734
110391
268551
65731
462363
649296
649293
579504
60903
132043
588198
97963
101131
49711
172983
554289
140727
142016
140244
435726
161680
547086
422079
334042
682120
198345
198349
198338
198343
198335
238955
