587193
587197
587184
587194
684756
587188
482992
482993
435415
434423
434431
434430
434426
434429
434427
434425
434424
434428
110113
609588
446625
268556
268555
86026
677934
216270
216277
216275
216272
216273
216276
216271
216274
216278
264432
35461
35463
35458
35464
35460
35462
633885
665092
446121
322481
322508
322486
322507
322509
322488
543540
336008
322511
322500
322479
322499
322484
322480
322498
322483
322501
322510
109751
109752
109736
109753
109738
109741
674040
398283
322506
84521
401628
169326
335152
349130
349131
349132
349129
109747
109746
109739
109740
215599
434257
434255
434254
434259
434261
434263
434266
434260
434264
434271
434250
434244
434239
434238
434243
434267
434270
434245
434228
434237
154677
154678
555060
523783
109735
109734
109745
609350
77339
40968
684753
380444
380443
684754
110391
361592
392997
255527
582404
533237
114046
332628
33677
690621
409543
514133
258195
388329
612269
100183
186965
455222
402011
389706
389711
389710
211881
463350
18384
102719
102733
394127
442262
402004
215605
215594
268552
268551
268553
268828
331369
684751
684752
684750
86320
209772
420671
565490
654171
456434
435693
626316
14615
324384
251759
174281
199741
199740
199743
199746
199738
199739
199725
478205
273587
186932
665094
278152
529025
276968
456621
448660
99200
186948
186929
186949
382720
65731
347758
466006
466007
569685
162261
136727
445331
462363
350602
350604
317596
317598
317605
539968
186930
33940
531124
75330
323316
435779
36846
73005
183870
183869
183868
238773
426167
260952
649296
649293
624414
579504
435729
553152
592319
613559
70171
65817
60903
559148
574699
574706
559147
426161
132043
588198
97963
101132
101131
49711
93005
537771
547132
142015
147583
172983
147584
627180
100772
95069
144470
554289
616284
574701
140727
142016
87572
339320
36847
376660
87571
343452
218717
362136
140244
368642
368640
435726
501551
574705
136765
161680
218718
332181
63831
144469
51429
547086
584119
617043
547375
422079
607253
685652
685651
685653
674891
674887
338722
334235
334042
334236
674889
674893
674908
674896
531556
38457
273607
273577
146694
609931
682121
682120
161687
66098
323317
198345
198349
198338
198343
198347
198327
198335
259285
540068
660767
238955
