587193
587197
587184
587194
684756
587188
482992
482993
435415
434423
434431
434430
434426
434429
434427
434425
434424
434428
110113
609588
446625
268556
268555
86026
677934
216270
216277
216275
216272
216273
216276
216271
216274
216278
264432
35461
35463
35458
35464
35460
35462
633885
665092
446121
322481
322508
322486
322507
322509
322494
322488
543540
336008
322511
322500
322479
322499
322491
322484
322480
322498
322483
322501
322510
109751
109752
109736
109753
109738
109741
674040
398283
322506
84521
401628
169326
335152
349130
349131
349132
349129
109747
109746
109739
109740
215599
434257
434255
434252
434254
434259
434261
434263
434266
434260
434264
434278
434229
434271
434250
434244
434239
434275
434238
434243
434246
434251
434267
434270
434272
434277
434280
434230
434234
434245
434274
434281
434228
434237
154677
154678
95885
555060
523783
109735
109734
109745
609350
77339
40968
684753
380444
380443
684754
200197
110391
382943
361592
392997
255527
582404
533237
114046
332628
392274
33677
690621
94762
409543
514133
258195
388329
612269
100183
186965
455222
401609
402011
389706
389711
389710
159402
211881
463350
18384
102719
102733
334260
394127
442262
169961
402004
215605
215602
215603
215607
215594
215593
215604
268552
268551
215606
215597
268553
268828
434409
331369
22268
684751
684752
684750
86320
209772
420671
565490
52324
565481
654171
611722
456434
435693
506982
626316
14615
324384
251759
132098
174281
65163
65151
65164
65159
65161
66869
66868
66030
448661
66023
96196
96198
96201
96200
96197
199741
199740
199743
199746
199738
199739
199725
645029
478205
409313
273587
186932
331681
665094
278152
529025
276968
392999
456621
448660
456593
456592
99200
186948
186929
186949
382720
65731
321181
347758
466006
466007
569685
162261
136727
445331
462363
350602
350604
317603
317630
317617
317577
317589
317586
317622
317578
317613
317636
317583
317600
317616
317606
317608
317596
317584
317585
317598
317605
317623
317639
317633
317643
317582
317597
317607
317594
539968
317634
186930
33940
531124
75330
323316
321572
435779
36846
73005
183870
183869
183868
238773
426167
260952
649296
649293
624414
579504
580749
622806
435729
616280
553152
592319
613559
559151
71206
70171
68645
65817
57703
60903
621815
579130
579129
547844
574702
559148
574699
574706
559147
426161
132043
588198
71205
58257
398622
97961
97963
98055
98378
101132
101131
68644
649295
49711
93005
537771
547132
142015
147583
172983
97669
147584
627180
204132
179264
100772
95069
144470
236956
237660
237655
237652
237658
237659
237653
554289
616093
616284
574701
455546
140727
71198
142016
87572
339320
386199
36847
71203
583471
376660
87571
343452
343451
455547
218717
362136
140244
368642
368640
50771
435726
501551
501552
574705
136765
649292
161680
219454
580751
218718
332181
63831
144469
51429
71208
547086
179265
584119
617043
512389
547375
422079
607253
455463
685652
685651
685653
408359
621602
674891
674887
338722
334235
334042
334236
334234
674889
674893
674908
674896
447061
531556
217542
238959
38457
409561
81171
273607
38456
548088
273577
146694
38455
609931
110564
364317
364321
63489
682122
682121
682120
161687
371122
682123
66098
392275
34963
323317
444823
198345
198349
198338
198343
198347
198327
198335
259285
543964
540068
123682
660767
197713
487725
238955
