441501
514622
49482
488089
235517
655098
507194
556021
563901
513397
565679
583974
670111
663041
249568
326965
396992
460137
693398
467225
442954
497848
191595
39865
161579
50608
463841
416418
154926
365829
366605
620609
88464
561819
628575
562194
435676
343690
133500
494829
59277
514921
543127
524249
669011
495033
162367
181071
514924
514919
514916
685913
38123
95895
449396
449392
449395
449377
449381
449393
449387
93076
668550
400984
515183
463184
594066
268521
266605
404474
436449
684043
515213
184412
620607
34941
322179
467756
467753
412752
609105
463934
158744
187681
187678
166522
343685
586591
118086
39983
157332
157335
157334
540801
25527
8135
65457
19348
41004
333821
85623
69608
69607
620477
620476
370987
73297
73292
69609
520452
41729
17822
164869
26096
84472
256909
127323
127331
127329
127324
127328
127327
127325
127321
127322
462177
251328
251325
179246
161429
329531
329532
329544
329542
329534
329543
329529
329535
329527
329528
329530
329545
409306
326672
127326
329525
557595
270271
353265
352813
329526
518037
438602
560725
511420
563517
445813
367220
484461
157240
196691
85091
238369
232640
479512
215299
215301
362884
655338
596514
546624
26861
541426
76553
238086
98116
243565
