327445
327444
327447
182795
182796
383723
74646
624126
323636
398744
398743
592372
532192
386732
542580
74644
74645
386731
466172
581782
220875
220874
268563
530148
58568
240100
692608
184868
641421
398005
468451
654436
325918
74647
72506
570426
408192
405126
29853
467956
529660
522898
427439
427440
542048
117816
361348
574442
338706
527810
527817
436497
516328
512824
512825
366376
465889
654228
484190
478454
523956
627028
195097
496882
488428
326899
662571
537713
595101
686171
620762
53519
655847
195093
235185
387092
585686
575389
502089
66726
188719
546896
541899
615672
345979
327617
180528
520816
472512
689743
591154
109124
575353
575352
637205
637208
637204
647689
203027
637209
584126
644989
132146
39829
196977
583029
569524
399440
573121
418917
418916
418918
554050
330302
330315
330314
330305
330309
330310
330317
330321
330323
330325
330318
330320
330324
330313
549881
384594
548110
548107
578300
543827
147685
518527
418203
520772
321119
647279
128068
111085
648719
147349
110991
96180
339842
339843
339306
339846
265237
338830
339307
111017
194203
679109
25455
338820
645855
679107
35891
421093
537469
479324
184796
42198
123028
269254
194511
194513
547170
659631
151694
697364
509057
534127
119438
120339
518612
509417
500899
474497
612958
52631
67457
395533
479530
654589
560565
483583
442717
34362
117665
612961
50882
262250
396962
506527
690626
460644
177678
49492
48398
50581
493041
476637
689959
557332
392001
185165
519653
147264
151377
259754
131420
655486
594074
572482
444904
634240
634235
326159
543563
683383
655711
441928
484664
69139
198768
7447
470079
515596
