327444
327445
327447
479324
362499
620380
620381
627028
547170
569524
659631
195097
686635
496882
592372
513714
151694
573121
383723
442577
323636
662571
595101
418917
418916
418918
537713
554050
266437
523430
534127
523431
523429
85225
85224
504750
120339
119438
58568
518612
338676
607821
573145
573144
523469
607822
384594
655258
455155
532192
181132
182796
182795
347563
655847
195170
454767
195173
195171
456857
338019
235185
235176
641421
398005
505599
581782
691292
671794
500899
548107
575389
548110
466172
530148
387092
346533
431358
542580
612958
257665
323639
512485
656057
537126
534141
522885
147685
347564
537762
74644
74645
442717
74646
395533
262224
689745
472512
418203
209932
444188
543121
50882
612961
365041
520816
444784
117665
126538
260785
491788
491787
405421
396962
506525
361696
607268
506527
690626
383232
177679
595065
177677
177678
648719
408751
595123
493041
511090
508827
491910
560565
478449
438746
438745
438578
438739
437951
585686
521662
397191
194674
194676
48398
86157
147349
131312
434343
519657
479499
521982
519653
350685
325993
203027
535988
543156
158573
158574
207689
492962
444904
691952
634240
655486
440756
479747
438813
480041
401582
493251
344258
480696
438039
438009
438223
438181
438185
479720
479600
522993
594074
519354
528741
184874
155125
474155
410770
50884
49492
522325
522324
689959
636028
128068
674937
177683
177684
27945
510099
326159
543563
655772
194203
541821
468912
342781
651737
515094
679109
634234
655711
411745
625410
326676
336646
557332
438222
158572
658350
511088
522898
58318
76881
361918
594414
325918
325509
25455
635761
523313
591412
591415
467535
634554
679107
655710
447482
427330
565295
556580
345601
437083
215753
477342
481703
34362
32536
32537
542454
70951
69139
521661
594339
477341
72226
366163
49799
20307
7133
85975
445144
441928
644989
408192
368807
126157
151377
201155
655757
237796
223680
647279
184796
158577
577881
383188
690228
690225
690227
690226
690230
594312
259754
161871
27926
565594
70952
65742
65741
65743
411897
584589
588706
475870
161584
408106
394266
346243
346244
433579
20303
20304
327787
540141
674216
328232
93748
95405
95404
195174
107090
395139
395136
269782
151824
42198
52761
568308
219531
683123
432250
395137
634815
512639
574440
476794
476796
476795
344226
338020
34364
524857
269254
679102
161187
104608
366372
407266
656274
106848
288899
410582
633944
588298
346253
19406
514747
634875
687904
687350
687126
