327445
327444
327447
182795
182796
620381
620380
383723
74646
624126
323636
398744
398743
592372
532192
386732
542580
74644
74645
386731
466172
581782
220875
220872
220873
220874
268563
530148
58568
240100
692608
184868
641421
398005
468451
654436
325918
74647
72506
570426
408192
699157
405126
29853
467956
529660
522898
699158
427439
427440
542048
117816
388417
361348
574442
98379
338706
527810
527817
436497
275806
516328
512824
512825
366376
465889
654228
484190
478454
523956
627028
195097
496882
488428
326899
662571
537713
595101
85224
85225
504750
686171
620762
53519
655847
195093
235185
387092
585686
575389
502089
66726
188719
546896
541899
615672
350335
345979
327617
180528
543121
520816
472512
689743
591154
109124
474294
575353
575352
637205
637208
637204
647689
401582
203027
637209
58318
162317
584126
644989
132146
408106
39829
196977
583029
569524
399440
573121
418917
418916
418918
554050
330302
330315
330314
330305
330306
330309
330310
330317
330321
330323
330325
330308
330311
330318
330320
330324
330313
549881
384594
655258
548110
548107
578300
543827
147685
517767
213726
518527
418203
520772
321119
647279
128068
111085
648719
147349
110991
96180
339842
339843
339306
339846
265237
338830
339307
111017
411745
194203
679109
25455
32295
338820
645855
679107
35891
421093
537469
479324
184796
70310
63220
42198
123028
269254
194511
194513
547170
659631
675960
151694
697364
509057
534127
119438
120339
518612
578495
509417
500899
474497
479606
612958
512485
52631
534141
67457
537126
395533
479530
654589
560565
483583
442717
34362
117665
612961
50882
262224
409058
262250
396962
506527
690626
460644
336646
177679
177677
177678
49492
155125
131312
48398
50581
493041
476637
689959
557332
392001
521982
479499
185165
519653
350685
147264
151377
259754
341386
131420
655486
594074
126450
636028
528741
674937
572482
543106
519354
444904
634240
480041
479720
634235
177684
177683
326159
543563
625410
683383
655711
658350
634234
635761
437083
20307
239066
565295
441928
484664
69139
565594
503194
577881
690230
198768
7447
213128
683123
454872
698881
470079
19406
515596
