530588
353799
530589
652765
403163
403165
403168
403170
403164
689125
531952
651516
349078
349079
533044
496420
86001
554380
643040
643041
546604
613849
548384
628810
543806
530384
530385
530383
365509
517141
639085
462700
151209
151208
349081
624336
400704
365498
365617
368833
683958
571935
571956
571961
571950
571934
571954
571944
571943
571952
571939
571955
571959
571953
571938
223092
652720
170505
202476
578706
578705
30934
391920
456149
456148
19310
160598
160593
270494
270459
155348
377590
463218
696374
76095
271931
271937
278939
272561
271915
271889
273119
273413
273134
272306
271919
272304
272559
272574
272284
272307
275083
62974
437054
437028
466070
318888
216570
418491
554709
472676
660318
160601
160599
542858
270254
341923
472673
619848
395544
672734
563734
572752
272152
272137
413318
472671
454794
490310
647388
647390
647389
270252
270250
270249
535467
542058
347963
554793
270255
270251
221650
382275
382277
533818
512632
419490
525269
535052
366998
412457
43886
647401
555291
676286
647402
253090
253093
55690
679108
679114
449453
581398
253091
253092
410780
555289
555295
555290
414310
652718
331536
583064
624708
554750
98492
265110
380392
132950
404092
419171
558791
323457
415638
411435
234189
534364
657870
643064
466714
452790
213305
417385
184880
213206
535764
574720
335178
657871
213310
350754
640262
613654
73105
571978
213299
422630
208102
430221
430223
213301
213209
648840
422632
39473
332011
640484
231852
415636
415637
415635
263399
263923
319203
379166
381554
403437
403438
654179
654184
696461
560956
404095
263916
263906
324578
387802
213309
575398
263925
263908
263932
263914
430224
214005
417639
418239
404096
434894
84961
244597
328459
319205
534351
419165
117608
319210
529548
419170
419179
402591
387801
437066
462598
319224
331451
336763
407654
634986
328458
395562
419181
365544
527355
571801
208103
419172
435853
213307
15563
444225
266824
673314
194991
117629
91775
682772
117627
682771
117628
91777
91776
194980
400123
91778
103597
682878
400124
103601
117631
275252
672065
103598
94347
688595
688594
398778
398685
398780
682874
398781
398782
398682
94346
78369
682881
151227
253610
94345
151226
656000
683957
452536
479445
383660
411540
443213
71944
488072
533920
488068
235514
463854
682128
488069
662568
174609
683469
429314
443736
154702
118084
505832
84534
420937
486953
184579
542060
95733
420935
543236
443388
486105
488033
386699
383731
67144
531563
426620
574470
235515
119912
674149
674144
543020
85132
85208
509534
371017
119914
614053
389454
383661
154720
662576
390854
267499
371016
662567
678819
651359
515894
362249
71890
531690
84712
174610
695945
429332
626960
508991
461869
85773
388776
85110
85200
635117
361072
537836
209478
209475
209477
209474
209473
209471
209476
209472
558477
94338
94325
94340
94330
94326
94332
94323
94335
94321
94324
44668
44665
181495
505833
648337
44666
505836
51150
51149
455064
118985
648336
559082
103967
103968
103969
103966
103972
505835
648338
118984
369834
369835
480608
250197
494332
367178
641385
179339
603901
215306
436525
543019
371011
515890
614052
72031
72030
389659
490670
450841
377591
425058
443392
367810
625735
251435
676382
186447
595735
408861
427419
60642
99713
688240
157966
232382
152954
491052
28238
595113
189335
205078
181728
568628
52279
560728
467226
684587
168258
146782
460232
595395
388504
207195
595874
553224
67145
519720
585773
271039
30151
588719
219673
676545
197400
369638
218292
274155
480641
148793
148796
480634
90787
187381
402801
662866
215305
649757
71887
452033
451142
574466
675027
321861
321860
675190
347222
421634
181576
272492
181572
101812
507473
489054
489055
489062
489051
534380
380041
321976
101817
543175
665230
480667
480665
480642
480438
480431
480442
480412
480423
480653
480619
480598
480618
480651
480605
36098
412785
182691
17916
546362
215968
221762
20378
670008
144091
542725
271501
420547
420552
420553
445504
420546
146700
671803
454916
488384
232692
186144
275088
25328
25077
29601
588254
9264
68691
68690
366502
83969
407560
408811
148891
134877
134876
445155
388509
119132
444197
592080
148894
148895
68685
531570
324993
415204
419479
410998
411019
232699
676068
534435
671846
443406
443412
71925
404800
662053
411549
488076
154774
321847
637012
178720
68688
508404
81283
509533
509118
268884
268883
268882
655483
153576
339439
568103
669082
669084
696595
422143
396615
101794
257468
178726
382707
496505
456710
472660
502501
502463
594483
147375
489467
514585
630367
142008
68687
580432
205749
415301
531013
109487
119086
147924
412788
160520
535609
676378
514547
452046
534059
51728
90756
545510
545511
481874
476442
87518
87519
87520
673396
534058
215969
233309
505297
620413
60077
25040
60076
50724
656015
637549
637548
39944
343696
208696
555292
195616
425672
259697
539870
432554
89290
683682
435465
651266
321846
218976
269458
692537
508372
467992
542564
76931
275084
580431
72349
495697
489563
25208
481670
452076
452091
452080
118106
455772
539155
543577
335416
14907
231918
661862
431893
442110
71932
186248
594484
617405
543511
543385
233509
655366
367001
503659
529551
485487
32939
649756
256209
637558
637556
677825
176538
140219
654552
405112
423147
405114
677378
625667
86168
371311
669070
26247
321948
121690
148853
389658
321703
235959
63805
232809
62471
233211
661897
87522
591417
561501
248077
401346
401345
203178
677355
637553
637551
637555
637557
138093
138066
138045
138056
138055
138060
138095
138057
671653
138052
321980
131440
144909
138053
126951
138092
353935
138058
571095
126950
62303
684140
331537
190456
353615
321693
655769
647406
434831
594664
463697
594658
580702
529703
317337
240732
484138
408109
166728
166293
166291
166299
166296
166300
166284
