444683
467490
387219
480663
615416
674626
402850
515816
561016
349506
332183
540136
393841
547480
553935
459592
523512
539149
332010
343099
644216
266888
219564
97793
629516
107962
503639
85837
85841
563604
443210
213004
67100
94259
656013
648867
648866
674124
674125
188033
529015
487213
533459
536601
445235
30330
30333
376961
270363
411676
475435
423512
674625
617608
516850
508630
457410
208204
347230
191904
239542
629008
16448
366804
503819
565027
153093
363508
167829
442648
520795
335241
376648
584694
111853
527566
334967
533456
499409
85066
403203
530256
620322
23392
332102
611167
531056
15481
108426
620597
326004
210309
185829
593706
660562
199902
104171
467040
174221
498673
560135
531059
531057
531058
531060
657759
457516
685192
468117
576959
363046
197951
64942
456346
456345
490694
636241
572139
327119
15514
534419
483212
630375
689936
498706
572969
93837
59524
59526
415501
199166
551315
233236
428640
677948
531051
531046
531054
112844
593572
182776
531052
