480663 0.560 3.360 0.000
615416 0.480 1.360 0.560
615416 1.480 2.160 0.660
674626 0.000 0.880 0.560
674626 1.400 2.200 0.600
515816 0.000 0.680 0.660
515816 0.680 1.480 0.600
515816 1.520 2.360 0.580
515816 2.520 3.101 0.710
561016 1.280 2.440 0.420
332183 0.000 0.920 0.540
332183 1.120 1.880 0.620
540136 0.000 0.680 0.660
540136 0.800 1.480 0.660
393841 1.040 1.720 0.660
553935 1.360 2.640 0.360
553935 3.920 4.714 0.603
459592 0.000 0.720 0.640
459592 0.640 1.560 0.540
459592 1.560 2.400 0.580
459592 2.560 3.181 0.689
523512 1.360 2.160 0.600
219564 0.000 2.800 0.000
219564 2.720 3.880 0.420
443210 0.960 3.120 0.000
648867 0.120 2.760 0.000
487213 0.160 0.880 0.640
487213 0.880 1.680 0.600
533459 0.000 2.440 0.000
445235 0.000 1.160 0.420
445235 2.600 3.656 0.472
270363 1.360 2.040 0.660
411676 0.000 0.920 0.540
674625 0.000 0.520 0.740
674625 0.640 1.520 0.560
674625 1.480 2.400 0.540
674625 2.720 3.369 0.676
208204 0.000 0.560 0.720
208204 1.400 2.080 0.660
208204 2.000 2.760 0.620
208204 2.960 4.080 0.440
347230 0.200 1.080 0.560
347230 1.000 1.680 0.660
347230 2.240 3.800 0.220
191904 0.400 1.480 0.460
191904 2.160 3.000 0.580
239542 0.200 0.920 0.640
239542 1.320 2.040 0.640
629008 0.000 0.640 0.680
629008 1.560 2.320 0.620
629008 2.960 3.500 0.730
366804 1.520 2.200 0.660
153093 0.960 2.023 0.469
167829 0.320 1.080 0.620
335241 0.000 0.800 0.600
335241 0.720 1.680 0.520
335241 1.640 2.560 0.540
376648 1.960 2.840 0.560
584694 0.000 0.560 0.720
584694 0.400 1.400 0.500
111853 0.360 1.360 0.500
111853 2.640 4.680 0.000
527566 2.960 3.640 0.660
527566 3.760 4.480 0.640
85066 0.000 1.000 0.500
85066 1.480 2.320 0.580
403203 0.280 1.200 0.540
403203 1.080 1.920 0.580
403203 2.080 3.120 0.480
23392 0.080 3.320 0.000
23392 3.200 4.600 0.300
611167 2.720 3.400 0.660
620597 0.240 1.000 0.620
620597 2.200 3.080 0.560
210309 0.120 0.880 0.620
660562 1.680 2.760 0.460
660562 2.600 4.120 0.240
199902 0.800 1.560 0.620
199902 1.440 2.600 0.420
199902 3.000 4.087 0.457
104171 0.000 0.840 0.580
104171 0.960 1.720 0.620
104171 1.840 2.486 0.677
498673 3.960 4.680 0.640
531059 0.680 1.880 0.400
531058 0.960 1.680 0.640
657759 0.840 1.600 0.620
657759 1.800 2.640 0.580
576959 0.000 1.480 0.260
64942 1.800 2.680 0.560
456346 0.800 1.680 0.560
490694 3.200 4.160 0.520
636241 0.040 0.800 0.620
636241 1.520 2.273 0.624
327119 0.640 1.480 0.580
15514 0.760 2.200 0.280
483212 1.200 1.920 0.640
572969 0.000 1.000 0.500
572969 1.040 2.040 0.500
572969 2.000 3.000 0.500
199166 1.440 2.440 0.500
551315 0.040 1.000 0.520
233236 0.320 1.280 0.520
233236 2.480 3.480 0.500
531051 0.960 1.760 0.600
531046 1.560 2.360 0.600
593572 0.360 3.320 0.000
182776 0.800 1.920 0.440
531052 1.160 1.960 0.600
