444683
620037
467490
387219
387217
387218
387216
391281
324723
480663
445492
615416
674626
365512
218833
402850
515816
586825
561016
38738
349506
332183
540136
393841
547480
553935
459592
523512
235616
167916
539149
539150
38707
332010
343099
332090
644216
266888
505672
656019
183542
644228
645238
82802
219564
183541
629317
79191
337172
627621
97793
676579
629516
379885
481848
107962
503639
487568
327917
85838
85839
85837
85840
85841
85836
608025
608026
483120
653168
653169
177060
644223
389767
563604
443210
531047
365962
659931
659932
212939
18642
18636
18646
18645
18634
18635
18641
18648
213004
540152
628596
627799
67100
94259
379445
507083
507070
507068
507069
656013
648863
648867
648866
648862
674124
674125
538684
507097
580333
507082
561804
507771
188033
507095
608033
608034
529015
392114
493539
493537
424985
350853
487213
327028
533459
536601
445235
30328
30331
30330
30332
30333
34418
30327
30335
376961
487655
496064
270363
496952
158475
442768
411676
383435
475435
527561
327032
429948
423512
674625
631547
617608
154688
516850
8363
342367
8366
18242
508630
271140
457410
208204
347230
191904
467036
153388
239542
340159
240637
629008
573743
620568
532807
532808
440641
2258
365040
411680
243772
47593
200196
16448
87581
179946
130787
574593
366804
102958
99794
2260
2259
503819
34612
326232
100211
34642
408489
668346
79182
565027
676375
186032
157812
152964
153093
687268
687269
687267
687270
1115
89754
425051
164551
363508
167829
442648
481085
484103
484102
218947
396050
269146
1778
319239
520795
462827
164550
561464
335241
573787
269157
586604
219084
376648
545045
545044
572972
424984
185563
185573
185574
457459
219063
219064
185564
35192
85122
195578
584694
111853
527566
334967
317589
317636
317613
317603
317617
317577
317622
317578
317606
317623
317605
317608
317607
317634
317633
317630
317639
317643
317586
317583
317600
317585
317598
317584
317596
317582
317597
317594
317616
186930
533456
499409
85066
403203
530256
498705
267915
644213
644214
620322
23392
669048
390972
269170
143574
143578
451933
35188
332102
343012
343006
469124
342997
343019
343004
342998
343018
343011
343002
343001
343005
343000
343009
343008
343016
342999
343007
343014
343020
343010
200308
343013
343015
611167
343003
79181
531056
15481
108426
659996
674634
659998
180491
180486
269126
315735
674539
180489
674542
660000
674638
669069
659995
390976
390977
143576
143575
674637
620597
531097
652683
659997
398235
269128
660001
180493
326239
232802
19856
668790
326004
449504
542729
445483
80921
538542
210309
543181
331137
269129
531120
531127
531126
531163
462296
185829
233475
531133
41816
48341
79620
488388
240798
240796
186428
240799
659933
556635
556360
556359
240797
593706
260611
201952
493163
36570
176536
660562
149044
199902
187344
104171
323120
393292
14226
467040
174221
489543
461393
498673
22414
560135
363706
531059
531057
531058
531060
657759
235341
457516
685192
177207
218485
254980
265373
265380
265372
265378
265381
564181
564182
564180
547622
547623
422244
675299
73589
9300
116304
468117
180804
341293
371782
8354
145459
576959
363046
197951
64942
644215
333952
157418
456346
456345
613375
269166
378567
501185
497233
545049
384699
567684
567677
564643
73590
326242
78980
78979
337245
337258
245927
490694
406710
636241
572139
378747
378748
116154
479470
238135
180485
666766
327119
153
36433
135478
407519
88131
15514
625755
483194
488248
268130
343160
166844
200425
164434
534419
240679
483212
630375
689936
269163
269164
498706
497358
545752
572969
93837
73588
73587
73750
453739
7435
42662
42663
42659
42660
42664
654105
678135
337266
618040
436115
175418
59525
479585
59524
59527
59526
457539
325829
261524
261525
261534
261527
261523
261526
261531
261530
153428
337269
345404
337253
334260
337259
2387
2350
112209
415501
537507
537508
337257
337244
337250
337246
337260
337248
556491
245851
556492
556493
199026
199024
199075
199029
199076
199077
199074
261078
199250
199171
199173
199170
199175
199176
199167
199166
199025
199023
199144
199151
199146
199152
199147
199145
199148
199142
199141
199143
507047
148
30203
1483
1486
42576
42568
42570
42567
158208
158209
158289
158290
158296
158341
158309
158283
158356
158293
158320
158247
158301
158314
158323
158353
158377
158397
158225
158243
158368
158345
158339
158312
158331
158274
158251
158238
158322
158374
158351
158385
158386
158379
158381
158380
158382
158394
158395
158396
158262
158246
158313
659955
411864
186425
158294
158230
158214
158220
158222
158217
158226
158239
158240
158254
158266
158268
158270
158279
158282
158288
158300
158337
158343
158344
158362
158363
158388
158376
158267
158245
158265
158272
158227
158229
158324
158367
158281
158291
158303
158259
158234
158241
158302
158255
158284
158311
158369
158387
158219
158223
158233
158248
158346
158249
158269
158275
158338
158231
158334
158295
158298
158304
158330
158319
158264
158325
158261
158383
158224
158355
158306
158215
158237
158256
158278
158280
158287
158305
158307
158316
158348
158375
158235
158210
158211
158218
158378
158213
158216
158221
158228
158232
158242
158236
158244
158252
158257
158258
158260
158271
158276
158273
158277
158292
158297
158299
158308
158317
158318
158315
158328
158321
158326
158329
158333
158332
158335
158336
158340
158342
158347
158350
158349
158352
158354
158357
158366
158364
158384
158389
158263
158250
158365
158285
158327
158286
158310
654102
530987
337247
331138
42561
42633
42642
42656
42646
42647
42638
42635
42637
42640
42648
42654
42651
42639
42649
42560
42558
42644
42634
42636
42655
42643
82277
121211
59554
88132
678122
5452
5451
347593
347596
659954
112210
536460
551315
567757
564502
378003
660235
65404
233236
59546
428640
260246
148304
677948
671543
495526
494481
543964
543571
531051
531046
685260
685258
531054
112844
443482
396354
436496
396355
396356
593572
595710
264104
232210
264103
182776
203978
547578
65394
116593
116594
31459
128979
188178
531052
620830
194720
537024
211872
556473
556472
556465
556477
556467
556474
556466
556479
556480
556481
556482
556483
556484
556468
556469
556475
556476
556478
556471
564881
564880
546697
537023
546698
546699
547621
203756
203760
203762
203767
203759
203757
203763
135682
485450
203742
203748
203791
203787
203794
203798
203790
203795
203796
203752
203744
203751
203747
203746
203750
203745
203743
203749
203780
203779
203827
203816
203793
203799
203797
203800
203808
203805
203806
203812
203809
203801
203770
203825
203829
203821
203824
203817
203771
203778
203773
203819
203823
203777
203782
203772
203781
203820
607776
250681
680958
680925
680936
680886
680947
680907
680908
680916
680935
