389810
85821
85822
85813
85811
85809
85814
85812
85810
85888
85890
85889
20189
471838
428347
195576
402523
83183
554763
330395
518738
103373
80929
80928
81280
364920
431118
537824
502460
406197
184896
411790
411789
411791
83359
164663
164664
256577
157258
372877
650024
232895
266440
194986
194988
449455
413274
443212
137083
73535
444425
232931
444409
217796
20188
20187
652346
652347
569556
416885
416883
416884
683225
402375
320343
436191
648154
184689
582098
35111
560743
176308
345065
522332
157256
144216
144217
403355
117421
341536
327418
36828
274935
274933
178063
204614
66964
485436
647649
131876
155523
107598
107637
136537
197455
582062
32415
276271
155524
570453
411988
421478
496483
496910
498224
421488
669057
209480
421487
330275
330276
217787
131976
390126
264345
406634
315728
96472
65585
218821
384112
612598
612597
612583
266682
447978
144211
144218
209517
159552
218818
218825
134914
698085
430600
471744
413272
698084
446578
166194
266526
133852
673540
336545
218710
449519
393787
180660
395920
348007
153308
198871
152888
31548
387680
170747
488374
54085
660220
411539
446089
68681
347151
511937
235513
390847
390845
133892
131991
458464
26043
134716
117614
117415
398752
400328
400330
609734
537736
201263
463785
463781
463786
463783
463780
186737
50707
50706
530627
175669
426586
614575
614574
640982
370900
433558
426311
335750
410966
345107
629978
135001
317526
317527
369703
85923
272429
630481
161391
234857
119905
560235
413273
194227
208695
173009
85520
124509
619695
151891
138304
138303
426363
682345
682340
682341
381964
387195
59014
128996
103688
446110
161600
178059
245969
257217
250240
161392
119904
433587
233684
131016
486991
422675
633192
316745
619783
273058
146342
275001
273057
153396
185751
244406
117089
232988
32327
619249
474177
397918
104527
104528
183538
213563
538947
31602
322421
464263
439494
369051
500194
103540
269516
442999
153231
152880
462600
553426
268566
104526
104525
148905
238402
189666
117411
11573
629319
89739
153092
213404
213408
426735
426734
436015
318893
405418
340926
152885
11582
235615
190577
195582
213399
447875
388490
324238
537313
269519
334511
530987
132955
9876
157907
267322
267318
488389
473911
509688
206146
89139
89142
89141
89138
89136
89135
387198
448392
182324
642344
642349
642342
467991
428184
36820
36823
36821
36822
622077
686348
390809
489720
628605
488052
362633
406592
676050
532350
154696
461094
89143
388571
490680
138399
489390
698131
117344
219887
560517
446805
470893
593912
55824
429909
403443
428438
596885
123017
83481
446522
471751
609729
537737
550349
550350
131020
131022
131023
131026
131021
131025
131027
681485
550351
175664
76735
219886
335763
52289
63704
183601
183599
17013
118247
118244
322401
52255
195772
449482
117298
86985
