339677
611281
475313
618643
406595
244992
178064
390442
98150
482208
48980
426585
36049
394946
371111
154717
619935
609728
414457
213407
213395
463784
463788
66817
186735
186734
186736
336662
507776
429139
68700
138324
379374
426362
439429
214690
335764
41858
161394
626167
397917
104529
548172
153146
422166
462601
238414
177984
642876
148904
152968
11574
394124
213400
147348
483919
322434
615284
89140
642358
642345
390812
532346
406594
560346
323634
444032
393183
393184
560056
257820
562217
271555
271561
271562
271563
271560
367473
152594
183600
183606
349048
571751
571752
571786
571785
642336
264153
85668
379377
560397
682119
447550
119075
631887
452217
399124
144205
573688
550409
689420
349294
349307
349304
349300
349291
349306
349284
193847
193860
193859
193837
193855
193857
113129
113138
560296
79183
185736
232761
157586
186355
497032
2935
257491
71257
175666
538163
422133
15814
370907
461093
515354
420206
391571
208076
118246
186464
418393
250893
576997
43789
22899
106283
106278
114593
