389810
85821
85822
85813
85811
85809
85814
85812
85810
85888
85890
85889
20189
471838
428347
195576
402523
83183
554763
330395
518738
103373
80929
80928
445985
81280
364920
431118
537824
502460
339677
406197
184896
611281
571419
411790
411789
411791
83359
164663
164664
256577
157258
372877
650024
475313
232895
266440
618643
194986
194988
449455
413274
443212
137083
73535
444425
232931
444409
217796
646776
20188
20187
406595
652346
652347
569556
416885
416883
416884
683225
402375
320343
436191
648154
184689
582098
35111
560743
176308
345065
522332
26042
157256
144216
144217
202605
403355
367422
117421
264444
264443
264445
341536
244992
160612
327418
36828
274935
274933
178063
178064
204614
66964
485436
390442
647649
131876
155523
107598
107637
136537
197455
582062
32415
276271
98150
155524
570453
411988
421478
496483
496910
498224
421488
347949
669057
209480
421487
667281
330275
330276
482208
217787
131976
390126
264345
406634
315728
96472
48980
65585
126573
465807
218821
530061
271660
426585
36049
384112
612598
612597
612583
266682
447978
144211
144218
209517
159552
218818
218825
134914
698085
430600
471744
413272
698084
446578
166194
266526
133852
673540
336545
218710
449519
393787
180660
395920
348007
153308
198871
152888
31548
387680
170747
488374
54085
394946
660220
371111
411539
446089
68681
347151
511937
235513
390847
390845
154717
133892
131991
619935
458464
468199
26043
403431
369621
134716
117614
369620
117415
398752
400328
400330
609728
609734
537736
201263
414457
213407
213395
463785
463781
463786
463784
463783
463788
66817
463780
434161
186735
186734
186737
186736
361477
336662
50707
50706
361476
530627
57690
57689
175669
426586
497033
614575
614574
640982
370900
507776
433558
538979
429139
426311
335750
68700
410966
345107
629978
135001
317526
317527
138324
369703
491945
85923
272429
630481
161391
234857
119905
560235
413273
194227
379374
208695
173009
85520
124509
619695
426362
439429
151891
138304
214690
138303
426363
682345
682340
682341
381964
425539
387195
59014
128996
335764
103688
446110
161600
178059
178060
178061
41858
245969
257217
250240
161392
119904
456518
433587
233684
131016
486991
422675
633192
316745
619783
273058
146342
275001
273057
273059
153396
185751
244406
117089
161394
232988
32327
619249
626167
474177
397917
397918
232782
104529
104527
104528
183538
213563
538947
548172
31602
322421
464263
439494
369051
500194
103540
269516
442999
152877
153231
152880
183537
153146
83737
422166
462600
553426
462601
238414
268566
177984
104526
104525
642876
148904
148905
152968
238402
189666
117411
11573
11574
629319
89739
394124
153092
213404
213408
213400
426735
426734
436015
318893
405418
340926
152885
147348
11582
235615
190577
195582
213399
213394
447875
388490
324238
537313
269519
437437
334511
530987
132955
132956
9876
483919
157907
267322
267318
322434
488389
473911
509688
615284
206146
89139
89142
89140
89141
89138
89136
89135
387198
102815
448392
182324
642358
642344
642347
642349
642342
642343
642345
642346
642348
467991
428184
489721
36820
36823
36821
36822
622077
686348
390813
390812
390809
489722
489720
532346
489715
628605
488052
633243
362633
406593
406592
676050
532350
406594
154696
461094
89143
633244
388571
661761
490680
138399
489390
698131
117344
560346
323634
676052
219887
444032
532839
468181
472398
560517
446805
470893
593912
55824
66109
446523
393183
393184
428515
429909
403443
428438
596885
123017
560056
83481
446522
532820
257820
471751
609729
537737
485111
562217
550349
550350
131020
131022
131023
131026
131021
131025
131027
681485
271555
550351
175664
271561
271562
271563
271560
124507
76735
219886
367473
335763
52289
63704
152594
183601
183600
183606
183599
17013
118247
118244
322401
349048
649340
52255
195772
449482
117298
86985
379912
233014
556747
556746
195581
195574
571751
571752
571786
571785
343718
642330
642337
642336
680219
94797
217970
217969
217965
434085
264153
264150
449930
85668
85667
379377
153362
560397
529947
682408
345066
633236
633239
633237
633240
633241
633242
110550
682119
214194
386904
631890
363860
11576
77525
382659
151986
151987
151985
447550
216879
216877
213392
391030
50698
119075
119074
119068
631887
470184
682402
332498
138320
450761
452217
486546
491410
399124
85089
449467
573695
153145
195575
195579
195580
144224
144226
144231
144225
462231
462232
144215
515007
573689
441844
232836
555139
555145
555144
571753
571764
571770
144205
144204
573688
449274
386404
379375
75005
344551
682404
620424
449468
674965
123007
427136
223981
550409
550408
550410
391029
391028
637486
402466
187306
465611
174832
209519
365902
443075
19858
209656
689420
416112
513670
197305
201910
219588
690494
349294
349305
349303
349290
349289
349288
349310
349308
349307
349304
349300
349298
349297
349295
349292
349285
349287
349291
349296
349301
349306
349293
117418
349284
51606
19853
349286
57024
349299
251543
674739
674740
674741
331138
193861
193840
193847
193860
193862
193864
193873
193869
193854
193859
193827
193831
193837
193841
193856
193830
193852
193855
193850
193851
193863
193867
193846
193833
193838
193839
193843
193848
193853
193849
193834
193858
193857
193836
193868
193844
193835
193865
113127
113130
113132
113122
113125
113128
113129
113131
113133
113138
113139
113135
113124
113136
113134
209692
165862
233683
35632
153380
681368
681369
560296
424750
32764
471771
561492
47191
233223
191111
191112
511539
79183
443939
185727
185736
185746
151874
151873
182022
34585
232784
24634
24635
24633
232761
30238
153315
187720
153233
241829
186478
186471
157586
46136
111101
186355
497032
346050
346049
346051
324663
2935
59710
201630
26136
257491
233306
340509
219936
340388
340390
340411
491502
71257
340882
377299
377284
197970
175666
131017
131018
131019
128189
19970
538163
422133
569036
524460
13833
213397
28085
234847
502469
534905
673499
98609
253352
118712
208869
195577
524950
620051
408912
467351
335092
15814
208870
370907
370921
208876
39655
189653
461093
378918
76424
499038
100634
152426
506283
426361
541984
153393
379016
635994
515354
62887
250896
379074
420206
25432
475850
22395
15815
658818
278970
89090
157308
153133
140561
587793
391571
85514
208076
628790
587794
336484
547165
470828
470829
470827
596880
66108
100640
153193
192229
118246
264060
499353
137902
153394
257233
562083
632535
186464
49010
36786
517063
418393
647655
266923
250893
680595
30481
479354
479861
689937
340373
340377
340378
340374
340375
340418
340425
340424
576997
360874
481788
43789
22899
481787
695878
208054
232840
106276
106283
106277
106278
561494
561499
50127
343868
210299
18067
114590
155465
114588
114593
114591
114592
114599
114589
210296
689285
647243
22969
241827
410797
583969
583970
210303
