19118
19112
19114
19120
19115
19113
151212
151213
82717
566934
566933
256567
422136
348364
689200
457972
204604
87794
87796
433639
96189
563045
152995
132601
508379
486098
445664
142603
496445
360460
254467
445646
36423
513917
365476
152367
401334
169726
508117
456714
419437
510772
440692
607423
410964
496446
545231
387398
489468
87411
334154
444064
65184
426271
536778
125418
218945
252212
149043
149042
87412
98676
680334
391284
594062
26297
656331
19023
155905
189786
325777
656332
30830
146873
331064
331052
331057
331058
331061
331063
331068
331059
331065
331056
77157
93031
319363
539176
353669
656329
536779
656279
443690
390361
187909
654206
660334
518565
55616
93029
554226
554225
554229
554230
459607
554224
554231
554227
540362
144254
154766
39713
201262
468166
506964
389285
389289
646656
646651
646652
646655
646654
385829
145364
513974
642836
90727
43151
323532
609920
554705
608341
342669
642835
21314
252223
240373
433640
159456
87021
155591
262459
555157
555156
341086
34209
580705
79774
182873
580332
13799
201733
432266
470120
73327
458824
458822
148211
148207
148210
148206
148212
148205
109638
109640
565866
386210
347541
391169
369905
109639
325569
518651
572387
348134
652166
245857
655879
655880
673543
14868
87512
87513
87511
391152
391154
342587
428769
413206
547491
458758
458764
458766
458763
145359
498900
401429
377953
377954
