352514
528940
662089
662092
662087
662091
573984
476082
487428
436528
462467
488059
393389
521837
80844
80843
640057
80841
586206
210540
583811
544227
161193
118419
160873
626180
682495
319371
516927
516926
383477
415761
530745
32890
637083
547924
550927
552157
212832
321120
440555
533841
246233
130485
129475
674962
315910
578505
661283
661282
585480
632261
587911
1053
322869
565026
342369
103266
103257
367040
587787
335156
662094
400633
267537
130412
537162
315909
662085
465511
517907
180027
693815
484034
484766
494908
483543
376053
402734
592592
85139
397363
397362
645963
645964
57318
449411
511451
348018
254787
7456
194246
543450
533019
410264
252788
252787
659746
451553
233346
353073
535606
52445
204352
250651
121374
530073
530299
173105
162786
244504
155766
100258
134802
124700
478304
253447
451561
451558
451562
76829
471064
445732
163697
162215
203044
244177
321894
476887
181362
649899
83933
469492
75620
321895
456821
265539
530978
208725
276603
451570
453857
383275
453862
196000
319030
50496
177623
540740
540739
676642
90712
574431
553414
319729
637429
321124
451047
452456
637562
637426
167304
243042
266644
363202
488635
488634
410239
511689
400413
639347
529425
352839
640979
494967
164844
670150
127023
141776
474344
35148
35146
646456
35149
264506
244416
127022
244476
402693
78459
613265
476245
195977
195976
187749
578646
38974
78458
532110
400410
583799
529134
417872
619554
489779
661315
446375
93337
52444
215176
170565
260755
257643
696343
421633
556004
436382
668619
204483
685780
57670
327612
319997
640619
341823
92039
38286
235811
368396
162327
649816
362404
575282
473596
367612
77034
97788
52446
264476
360293
506935
149084
73529
545178
55159
528334
327584
327585
619252
36927
124424
133474
537276
553178
555199
121897
552452
488949
182207
416230
164269
139950
20573
14853
70092
533918
127026
127025
195094
60757
524451
56626
58235
70095
130370
81007
21891
254270
198545
398003
570982
616609
414410
636973
690120
78810
131041
204053
246537
127029
60516
335003
126008
335465
485340
640136
