352514
528941
528940
662089
662092
662087
662091
573984
662084
487429
476082
487428
436528
462467
488059
488058
393389
521837
80844
80843
502907
640057
80841
320145
568215
586206
210540
583811
544227
161193
118419
325300
160873
699141
626180
682495
61585
689087
319371
516927
516926
383477
264578
415761
530745
32890
637083
547924
550927
552157
212832
321120
440555
533841
149416
246233
130485
129475
674962
315910
578505
661283
661282
389641
585480
632261
587911
1053
651235
322869
565026
342369
103266
103257
367040
587787
516157
335156
175020
34193
662094
400633
267537
130412
537162
315909
662085
265158
465511
517907
180027
513506
693815
201736
484034
484766
484033
494908
483543
376053
166176
402734
243729
592592
85139
397363
397362
645963
507985
645964
490917
57318
320697
449411
511451
83270
348018
254787
577645
7456
415842
194246
543450
533019
410264
252788
252787
659746
451553
171823
233346
353073
535606
52445
204352
250651
121374
530073
530299
173105
173103
162786
244504
155766
100258
179602
134802
124700
478304
253447
451561
451558
451562
11721
76829
471064
507734
471065
445732
130543
453230
552450
163697
162215
203044
244177
244253
321894
476887
181362
478432
649899
83933
469492
75620
250685
321895
656559
456821
265539
530978
208725
276603
347704
451570
453857
383275
453862
196000
319030
537492
339186
50496
177623
540740
540739
676642
90712
574431
553414
319729
637429
321124
450997
451047
450573
177632
177631
451946
452456
451207
637471
637562
637426
400332
167304
243042
209407
266644
363202
488635
488634
465671
246489
410239
511689
400413
639347
529425
352839
638595
640979
488625
521512
494967
164844
462771
670150
127023
141776
474344
434412
35148
35146
646456
35149
264506
244416
127022
244476
547406
237280
187559
413330
402693
484093
119781
316654
78459
613265
476245
137017
195977
195976
187749
578646
578645
38974
78458
96533
591654
532110
646396
400410
583799
392594
529134
524918
56590
417872
619554
489779
661315
446375
399352
372555
93337
38586
52444
215176
170565
260755
257643
696343
421633
556004
436382
668619
203393
204483
685780
198369
57670
327612
583805
262906
475261
319997
640619
341823
92039
38286
235811
368396
162327
646710
649816
362404
524448
575282
648661
660461
473596
367612
544224
544220
77034
583074
97788
52446
264476
360293
506935
149084
73529
141249
545178
55159
528334
327584
327585
619252
36927
124424
337135
133474
537276
553178
24097
555199
121897
552452
31492
488949
182207
416230
164269
139950
20573
14853
70092
533918
28292
506363
127026
127025
195094
495707
60757
335380
524451
56626
58235
70095
130370
81007
21891
254270
198545
166342
398003
277333
570982
616609
414410
636973
150178
690120
346569
78810
438070
131041
204053
246537
517906
127029
98595
181680
484212
60516
19516
141254
689389
335003
126008
40114
368902
438650
39835
335465
611897
484207
485337
485340
485307
121814
640136
584726
396229
633271
486390
591656
591655
