461175
164638
562407
325796
169541
591596
444704
235960
687130
687131
218994
335401
644664
555139
644681
669239
669243
669236
669264
669274
669275
669276
669280
669261
669278
669269
669277
669262
669270
669272
669271
669273
669238
669240
669241
669245
669242
669244
669237
669268
51109
51116
644695
644628
644679
669233
51122
669283
270260
270270
270264
270261
270263
270268
270262
258046
638641
258042
669281
51110
561737
561736
561735
561734
270259
472625
398882
368995
594634
68666
370911
619999
456421
506796
119100
86127
87586
160047
383234
378309
364707
593458
86656
42938
42939
152560
452636
454112
454113
454114
404928
408900
187817
386
118073
461697
366812
494823
216870
254817
121683
121682
198977
254816
454148
187810
184311
121681
2213
538881
538878
146806
637681
381961
2214
236294
654887
657786
657781
657789
657790
657787
657783
87584
674982
174222
340953
68793
68810
68811
68792
68815
68798
68799
68791
68797
68809
52325
333441
426258
324715
324675
541907
550192
588275
366131
94752
365721
26764
389666
345070
121611
340526
396630
396647
209380
209372
534794
340504
396648
340574
27366
126134
644731
546788
546782
56374
125564
580940
362857
654912
104347
362858
362856
84663
