398890
461175
164639
164638
562407
325796
152424
169541
591596
444704
235960
171935
687130
687131
687129
645011
218994
335401
644664
555139
644681
669239
669243
669236
669264
669274
669275
669276
669280
669261
669278
669269
669277
669262
669270
669272
669271
669273
669238
669240
669241
669245
669242
669244
669237
669268
51109
51116
644695
644628
644679
669233
51122
669283
270260
270270
270264
270261
270263
270268
270262
270265
258060
258046
638641
275706
275705
275710
258042
669281
51110
561737
561736
561735
561734
258073
270259
472625
472630
398882
368995
594634
68666
370911
619999
456421
506796
119100
496598
191776
571142
86127
87585
87586
434473
500871
160047
383234
697754
697746
697747
378309
571387
364707
593458
496821
86655
86654
86656
164670
42938
697749
42939
152560
348956
452636
454112
453961
454113
681535
454114
404928
408900
51443
187817
386
118073
461697
366812
496822
494823
523565
528138
216870
398774
139976
216871
254817
216875
121683
121682
198977
492491
254816
581572
613135
454148
90651
139037
152426
187810
184311
121681
531138
73266
190014
452609
250211
2213
280237
139059
538881
538878
146806
573717
280240
553366
637681
637489
637474
381961
669049
182043
2214
236294
528993
654887
182032
182042
657786
657781
657789
657790
657793
657792
657787
657783
182022
497033
223015
174990
174991
192067
87584
674982
174222
118726
508392
125427
340953
684195
86657
86658
68793
68810
68811
68792
68815
68798
68799
68791
68797
68809
608042
52325
333441
426258
644711
324715
324675
324676
541907
398516
550192
588275
366131
483230
94752
38524
365721
26764
389666
127604
345070
8946
378760
121610
121611
340526
510108
209373
396639
396630
396647
209380
376822
649877
209372
534794
516766
197774
321553
340504
396648
340574
450040
27366
126134
50118
92375
644731
92374
546788
546782
546787
321554
103544
56374
75998
103540
125564
573716
550366
550352
565677
580938
624074
369137
369135
642094
546786
508279
125626
125627
125628
50632
126135
126138
550371
580940
104340
104342
104341
19270
125625
362857
654912
104347
524837
104339
362858
362856
508281
508275
84649
111735
17558
218462
335002
218464
218463
84663
84660
222911
222933
222926
246417
