647668
591851
591849
591856
591818
591838
591837
591825
591813
591814
591841
591854
591857
591874
591864
591839
591846
539919
539923
170464
170848
591912
591879
170847
593040
529328
567323
530587
546528
545058
690495
536639
316689
385821
684650
684652
91558
334618
690492
68999
517673
403931
209970
489429
43115
338184
574646
20065
608094
608099
608095
608093
608092
608082
608104
608112
608091
608098
608090
608110
608101
608097
608105
608103
608083
608086
608084
608088
608100
608087
608089
608111
608109
608102
608106
608107
608096
608108
670120
645062
625618
244375
22733
22732
22722
22736
