415209
110011
412017
66517
66515
58981
528192
528194
528193
110388
406613
118522
328843
138404
670693
495694
538527
581532
60963
79114
79113
656249
60960
632121
632123
632126
632120
632318
203121
532215
632323
632319
632322
632321
632324
632320
133869
138044
148928
397661
264507
256452
88475
218834
392242
259169
199631
618900
581533
274151
220019
18271
18270
222749
615893
696286
696287
345959
77315
77316
530253
4914
192049
350411
696289
232361
232360
686775
696284
381761
120017
646955
491690
523042
523041
523037
523027
523029
523033
523043
523023
523028
523024
523039
523025
523038
523036
523040
352226
352227
89505
240293
647540
662812
696285
528787
213136
213135
211687
211688
74732
427252
34057
16466
512586
512561
33547
557308
83834
557307
192181
24015
24022
85238
62217
62214
62215
62216
62211
62213
407188
498843
461824
428550
