415209
110011
61259
412017
66512
66514
66511
66510
66517
66516
66518
66513
66515
698633
58981
528192
528194
528193
110388
534269
534268
406613
118522
446025
328843
138404
670693
495694
538527
581532
60963
79114
79113
656249
60960
632121
632123
632126
632122
632120
632318
508686
203121
131201
532215
632323
632319
632322
632321
632324
632320
133869
138044
92912
334435
381783
148928
397661
264507
256452
88475
218834
392242
392247
259169
332980
199631
618900
581533
274151
650748
220019
18272
18271
18270
546393
222749
615893
43588
173117
696286
696287
345959
77315
77316
530253
4914
192049
222590
350411
696289
232361
232360
686775
696284
182568
381761
592620
120017
211426
33657
646955
491690
8
562895
523042
523041
523037
523027
523029
523033
523043
523023
523028
523024
523039
523025
523038
523036
523040
352226
352227
89505
89501
677573
240293
647540
662812
696285
528787
213136
213135
211689
211687
211688
74732
427252
34057
512622
1732
16466
512585
512573
512586
417819
512561
33547
557684
557308
83834
557307
192181
687114
24015
24022
85238
562896
62207
62217
62214
62215
62216
62211
62213
461551
461546
407188
620783
498843
67445
34987
79689
461824
428550
