684170
684173
518974
433650
628776
691486
691494
445965
256679
135634
268143
340910
466213
372250
219311
236007
436769
685014
685016
685015
51058
257799
257032
257022
233241
684709
619246
51164
625652
233247
366731
520449
391842
212303
424381
212289
653484
542123
457038
645491
645489
645488
404404
617599
179015
544108
544127
203111
533753
205103
132386
346504
108443
119853
178669
523460
81265
260720
324092
495841
608078
485538
459590
382984
476834
360503
376499
449320
449321
108453
390325
570187
592420
408561
448468
517518
448467
419632
419631
489606
489607
489610
489611
489604
650365
83702
368078
348137
379260
541537
567933
560202
158470
158469
327059
527560
523465
629513
689637
174081
513570
595453
237317
559397
28303
402937
64313
34938
680690
567
263037
157857
496295
496294
506548
401595
378393
162901
406958
560196
133868
436768
586522
499178
390167
390169
344591
142326
240830
646763
426268
63586
469291
467290
81119
166464
568
679944
44924
41733
167699
655902
650364
234679
235673
412865
481791
187791
50599
398991
398990
388272
249494
132952
132951
140888
485640
461918
140889
101732
513776
565153
252796
185259
70297
19181
19179
19180
89793
89794
41566
469265
409132
546927
217541
262561
498931
498986
367261
6172
399585
488378
506577
627960
627961
627959
627958
490082
327112
111095
214629
214627
214628
523461
491671
639212
467130
238351
207535
207545
323672
215049
239462
531831
570153
699933
57039
617400
277741
211072
