389213
380188
382009
260561
260178
259920
276244
270365
403975
479370
496743
141449
669342
680150
683648
495482
667105
668508
278201
321818
338295
695880
37196
37200
625503
231341
389521
136599
136598
130632
389212
136566
232112
218806
277660
556037
368659
368661
336248
396185
396184
268288
338387
569769
481048
104301
274484
523742
389415
479859
415772
416449
416181
695844
30135
695842
695841
415777
94240
30021
232722
232711
232712
477445
147889
415776
416186
415773
416447
416446
416182
415774
416443
416441
30268
1278
415775
61696
540164
98209
51246
416183
415780
416185
416187
563752
525211
458601
64364
64363
525212
106034
106033
106022
106035
685432
344773
333121
333120
333122
77097
579379
579363
579343
579340
579320
579377
579380
579385
579401
579324
579330
579334
579336
579341
579342
579345
579347
579351
579370
579393
579391
579407
579400
579402
579396
579319
