670183	0.375
389213	0.479
380188	0.405
382009	0.447
260561	0.467
260178	0.507
259920	0.524
276244	0.416
270365	0.483
403975	0.450
479370	0.503
496743	0.530
534591	0.357
141449	0.427
539	0.283
669342	0.436
680150	0.506
673439	0.372
681577	0.333
684668	0.259
683648	0.447
681733	0.399
416062	0.074
416063	0.085
252286	0.372
570516	0.250
495482	0.430
541672	0.306
516086	0.158
667105	0.401
668508	0.475
667253	0.328
218207	0.334
278201	0.449
192323	0.266
218205	0.390
321818	0.432
338295	0.444
695880	0.449
37196	0.471
37200	0.471
610129	0.069
610130	0.049
493007	0.171
29772	0.395
625503	0.493
231341	0.477
389521	0.449
232113	0.255
534933	0.361
136567	0.386
136599	0.453
136573	0.386
136598	0.428
150351	0.108
150352	0.125
235780	0.189
235580	0.209
130632	0.447
389212	0.515
627228	0.362
627229	0.369
476928	0.291
136566	0.411
232112	0.424
232354	0.273
218806	0.469
277660	0.438
278106	0.328
556037	0.467
368659	0.428
368661	0.491
318604	0.329
336248	0.459
396185	0.426
396184	0.501
218209	0.260
268288	0.425
493013	0.183
494005	0.131
614018	0.378
581099	0.352
338387	0.452
552042	0.371
36744	-0.006
376451	0.122
569769	0.544
486662	0.354
97621	0.320
433790	0.178
481048	0.524
82225	0.174
166251	0.080
615984	0.318
65511	0.377
534930	0.303
665164	0.325
109119	0.276
449844	0.166
539902	0.286
104301	0.488
274484	0.425
96186	0.296
665165	0.213
524311	0.334
48650	0.337
523742	0.419
58949	0.316
263817	0.291
389415	0.484
140098	0.221
641567	0.340
479859	0.422
558201	0.198
505954	0.357
623413	-0.050
413147	0.154
415772	0.485
655519	0.168
465869	0.341
416449	0.462
416181	0.525
695844	0.489
30135	0.410
693916	0.192
695843	0.346
147729	0.189
695842	0.439
567178	0.172
567187	0.194
695841	0.404
415777	0.417
695840	0.346
94240	0.434
30021	0.431
232722	0.570
232711	0.512
232712	0.561
657184	0.202
477445	0.441
147889	0.457
580298	0.384
415776	0.505
416186	0.478
587880	0.273
614275	0.200
415773	0.484
416447	0.490
416446	0.509
416182	0.489
415774	0.435
416443	0.501
416441	0.452
30268	0.465
1278	0.445
38851	0.215
245170	0.282
415775	0.458
594288	0.038
61696	0.434
55868	0.345
540164	0.422
540163	0.379
98209	0.419
51246	0.417
48957	0.361
416183	0.441
173857	0.066
415780	0.443
387937	0.024
416440	0.363
331234	0.117
686770	0.371
538722	0.252
81083	0.142
667266	0.034
268535	0.282
268536	0.213
416185	0.449
534698	0.280
537093	0.265
1281	0.378
592586	0.042
426460	0.150
622146	0.339
416187	0.431
534497	0.174
456982	0.049
563752	0.505
663483	0.078
457230	0.120
580851	0.262
525211	0.572
537092	0.216
534847	0.386
577933	0.295
442286	0.271
90895	0.295
591310	0.280
149067	0.153
479220	0.235
462123	0.172
149068	0.204
671333	-0.073
346581	0.052
149066	0.199
173174	0.329
397295	0.253
458601	0.446
405128	0.101
405129	0.095
554035	0.009
457088	0.221
64364	0.426
64363	0.482
510024	0.278
647153	-0.046
534743	0.285
525212	0.504
145718	0.010
116053	0.148
116052	0.236
106034	0.592
106033	0.424
106022	0.539
106035	0.593
479241	0.358
253613	0.275
353085	0.084
346114	0.276
341006	0.131
340751	0.099
340859	0.034
336074	0.104
353314	0.047
353157	0.018
334580	0.132
383277	0.102
383278	0.038
685432	0.441
344773	0.540
255895	0.127
339678	0.122
340093	-0.104
339658	0.085
339789	0.115
339828	0.009
340150	0.069
340271	0.011
339958	0.081
340001	-0.069
339007	0.014
339329	0.102
339497	0.242
339256	0.045
339260	0.097
339146	0.092
339318	0.075
339429	-0.014
339499	0.258
339246	0.120
338138	0.011
338831	0.182
338224	0.093
338257	0.182
338303	0.130
338350	-0.015
338359	0.055
338087	0.140
338230	0.074
337104	-0.005
337162	-0.083
338006	0.100
337155	0.085
337789	0.036
337943	0.092
336158	0.037
336075	-0.055
336394	0.243
336644	0.017
337047	0.131
336395	-0.002
336396	0.056
336643	0.091
336739	0.163
336400	0.098
335730	0.136
334968	0.155
335492	0.109
335582	-0.033
335611	0.066
335612	0.056
334579	0.214
334029	0.139
334305	0.055
334175	-0.054
333533	0.270
333926	0.169
333822	-0.065
333234	0.138
333531	-0.043
333857	0.073
333876	0.070
333772	0.251
333163	0.026
333165	0.065
333164	0.130
333210	-0.063
333121	0.416
333120	0.433
333122	0.513
74841	0.187
117782	0.292
117358	0.242
116051	0.167
124135	0.186
502490	0.307
474420	0.271
77097	0.463
466312	0.054
635154	0.029
667321	0.035
54378	0.327
41805	0.267
163581	0.080
493672	0.329
322569	0.396
337796	0.023
567196	0.190
16063	0.350
33315	0.312
624498	0.127
64352	0.387
626545	0.273
546040	0.017
619156	0.381
689532	0.227
579403	0.325
579408	0.335
579399	0.339
579394	0.272
579390	0.338
579388	0.390
579383	0.376
579381	0.393
579376	0.297
579379	0.436
579362	0.338
579363	0.409
579356	0.373
579355	0.318
579348	0.291
579350	0.374
579343	0.481
579340	0.406
579338	0.366
579327	0.303
579373	0.358
579357	0.325
579353	0.294
579349	0.324
579337	0.351
579323	0.331
579322	0.366
579320	0.422
579325	0.302
579328	0.329
579333	0.315
579344	0.394
579354	0.289
579360	0.330
579358	0.304
579365	0.391
579364	0.399
579361	0.383
579371	0.385
579369	0.318
579367	0.358
579372	0.334
579377	0.412
579380	0.445
579385	0.402
579384	0.297
579398	0.389
579397	0.388
579401	0.403
579324	0.481
579326	0.336
579330	0.420
579334	0.419
579331	0.324
579336	0.405
579341	0.416
579342	0.407
579346	0.353
579345	0.464
579347	0.400
579351	0.406
579352	0.329
579359	0.350
579366	0.331
579370	0.415
579374	0.354
579375	0.338
579378	0.328
579382	0.390
579387	0.395
579386	0.391
579389	0.289
579392	0.372
579393	0.406
579395	0.288
579406	0.293
579332	0.330
579335	0.329
579339	0.340
579368	0.378
579391	0.418
579407	0.407
579400	0.411
579402	0.413
579405	0.343
579404	0.347
579396	0.420
579319	0.401
579321	0.332
579329	0.375
81958	0.350
