670183
389213
380188
382009
260561
260178
259920
276244
270365
403975
479370
496743
534591
141449
539
669342
680150
673439
681577
684668
683648
681733
416062
416063
252286
570516
495482
541672
516086
667105
668508
667253
218207
278201
192323
218205
321818
338295
695880
37196
37200
610129
610130
493007
29772
625503
231341
389521
232113
534933
136567
136599
136573
136598
150351
150352
235780
235580
130632
389212
627228
627229
476928
136566
232112
232354
218806
277660
278106
556037
368659
368661
318604
336248
396185
396184
218209
268288
493013
494005
614018
581099
338387
552042
36744
376451
569769
486662
97621
433790
481048
82225
166251
615984
65511
534930
665164
109119
449844
539902
104301
274484
96186
665165
524311
48650
523742
58949
263817
389415
140098
641567
479859
558201
505954
623413
413147
415772
655519
465869
416449
416181
695844
30135
693916
695843
147729
695842
567178
567187
695841
415777
695840
94240
30021
232722
232711
232712
657184
477445
147889
580298
415776
416186
587880
614275
415773
416447
416446
416182
415774
416443
416441
30268
1278
38851
245170
415775
594288
61696
55868
540164
540163
98209
51246
48957
416183
173857
415780
387937
416440
699010
331234
686770
538722
81083
667266
268535
268536
416185
534698
537093
1281
592586
426460
622146
416187
534497
456982
563752
663483
457230
580851
525211
537092
534847
577933
442286
90895
591310
149067
479220
462123
149068
671333
346581
149066
173174
397295
458601
405128
405129
554035
457088
64364
64363
510024
647153
534743
525212
145718
116053
116052
106034
106033
106022
106035
479241
253613
353085
346114
341006
340751
340859
336074
353314
353157
334580
383277
383278
685432
344773
255895
339678
340093
339658
339789
339828
340150
340271
339958
340001
339007
339329
339497
339256
339260
339146
339318
339429
339499
339246
338138
338831
338224
338257
338303
338350
338359
338087
338230
337104
337162
338006
337155
337789
337943
336158
336075
336394
336644
337047
336395
336396
336643
336739
336400
335730
334968
335492
335582
335611
335612
334579
334029
334305
334175
333533
333926
333822
333234
333531
333857
333876
333772
333163
333165
333164
333210
333121
333120
333122
74841
117782
117358
116051
124135
502490
474420
77097
466312
635154
667321
54378
41805
163581
493672
322569
337796
567196
16063
33315
624498
64352
626545
546040
619156
689532
579403
579408
579399
579394
579390
579388
579383
579381
579376
579379
579362
579363
579356
579355
579348
579350
579343
579340
579338
579327
579373
579357
579353
579349
579337
579323
579322
579320
579325
579328
579333
579344
579354
579360
579358
579365
579364
579361
579371
579369
579367
579372
579377
579380
579385
579384
579398
579397
579401
579324
579326
579330
579334
579331
579336
579341
579342
579346
579345
579347
579351
579352
579359
579366
579370
579374
579375
579378
579382
579387
579386
579389
579392
579393
579395
579406
579332
579335
579339
579368
579391
579407
579400
579402
579405
579404
579396
579319
579321
579329
81958
