386595
386596
386598
386597
386600
386604
386606
79610
616086
616088
616087
616085
460079
259611
461789
629103
541436
254470
189278
64096
101259
86299
371302
55209
398549
398550
259612
123817
60606
636853
531698
194536
388175
194535
388172
642516
193410
636065
430815
47372
47371
47370
636955
371342
96205
528763
388171
66103
60877
265544
575331
392891
395491
475527
96283
379391
625686
58308
260774
395197
537312
43844
237419
511364
365632
404319
170749
328191
65895
524763
152697
393318
221585
31151
263086
506937
22422
685936
654208
388407
462457
572414
102208
102209
111161
325992
511409
379302
406478
205151
365064
158597
544117
271261
244332
244331
244593
187207
406477
406484
500755
20688
447482
24058
486666
406514
406513
567336
55014
507336
460917
121528
191090
476915
275993
143651
259718
