326376
202767
687024
610977
581082
44768
203963
340675
410131
410132
138099
553197
444360
386800
676383
84767
676793
571344
679416
548468
498217
241756
186959
631841
479351
256808
644420
119774
585608
340631
340674
340683
340651
571314
423606
321073
326208
410139
328913
591793
262905
410140
410135
460418
326919
379382
379386
371832
115199
403456
676794
676795
167909
558848
531487
424743
474447
440592
495386
340630
476943
324138
173062
123684
495387
162400
162524
162527
162526
340704
344568
36837
515105
509628
636004
401558
401554
167911
32416
54586
12815
410136
325821
622764
455925
169047
79286
162528
162525
340703
340722
659923
31015
660321
593023
85234
123022
50898
50896
54585
410137
259328
547057
543662
70121
70123
70122
70120
338128
579213
17910
327380
514378
32850
250942
544147
558843
2933
141525
141532
141533
141531
87612
274460
524829
419702
237923
126550
7803
479911
655466
687447
340399
340400
340422
340428
340427
100501
