326376
202767
687024
338195
610977
419091
386801
386789
386787
386791
386790
386786
386788
68662
570261
581082
44771
44764
44770
44762
44765
44769
44768
44766
44767
44763
44086
203963
558844
340675
410131
653226
127981
127980
410132
340685
340684
21741
659548
391748
449893
459367
138099
141530
75140
657006
553197
444360
535316
505321
691479
386800
676383
593881
84767
676793
571344
679416
548468
498217
241756
186959
631841
479351
256808
644420
119774
95056
693792
585608
340631
340674
340683
340651
571314
423606
321073
326208
410139
387531
328913
591793
262905
410140
410135
572211
71024
460418
630570
328224
185580
326919
379382
379386
371832
115199
678961
579093
403456
676794
676795
548472
167909
558848
531487
424743
124913
474447
440592
495386
340630
476943
324138
173062
123686
123684
34959
495387
162400
162524
162527
162526
162523
253614
340704
217906
217916
217915
344568
620028
36837
515105
509628
636004
325818
401558
401554
167911
44735
44736
32416
54586
679694
12815
410136
523352
325821
622764
455925
540801
169047
79286
162528
162525
340703
340661
340662
340722
380717
380716
659923
31015
660321
593023
326925
85234
123022
50898
50896
54585
410833
410137
259328
23218
547057
391747
71537
250843
543662
70121
70123
70122
70120
338126
338125
338128
338129
50415
50416
338127
579213
661625
408939
17910
327380
514378
460935
32850
50414
251553
536755
182327
680119
250942
544147
558843
2934
2933
141528
141525
141532
141533
141531
87612
689188
182329
182328
274460
622813
524829
607776
534921
534920
44212
419702
498680
237923
126550
419703
7803
342737
342736
479911
521613
655466
361250
687447
481128
140582
340399
340400
340422
340428
340427
100501
361261
615945
663290
147675
77913
77917
140700
156095
402029
242104
242109
534898
410395
