420015
220661
220665
68058
406504
415352
238349
415354
381952
364455
347632
457573
649047
496251
63636
391357
391358
63640
467293
391364
391365
391362
391363
391366
391360
391361
635385
635386
635383
49460
49462
340277
222586
584987
257691
583471
219861
222651
469102
82420
82418
235592
85554
34298
34289
34295
34294
34285
34286
222646
687473
393269
232669
442607
468839
364460
235591
542578
117269
168777
260139
132549
328925
29849
30287
445008
445007
29846
220288
682138
16086
471143
173088
178105
132828
348139
85538
166154
431598
136479
235595
632125
110141
328001
82419
235590
467126
355038
110142
652437
652441
220617
675431
675430
675505
675049
146432
220045
30988
220656
163729
156901
521983
220627
571396
445749
548377
540821
579794
656230
328003
328002
328000
219685
222529
488158
426195
530426
134021
219662
219663
219660
172401
20479
464913
687455
71139
71144
455531
219708
179331
399838
343916
219724
19346
479895
173942
492080
83971
33443
220691
84689
249674
249671
219860
34288
34291
187793
159459
219868
219869
480706
50776
594413
479891
480705
393919
393918
393917
332319
641393
127003
101310
402645
440035
135758
196128
678647
344000
220149
540524
238773
336841
165613
238043
445152
40961
210334
