420015
220661
220665
480699
68058
406504
415352
238349
415354
381952
364455
347632
457573
649047
496251
436082
220634
63636
391357
391358
63640
467293
391364
391365
391362
391363
391366
391360
391361
635385
635386
635383
49460
49462
346814
340277
222586
584987
257691
583471
219861
222651
469102
82420
82418
235592
85554
34298
34289
34295
34294
34285
34286
222646
687473
159575
120824
393269
232669
442607
468839
364460
628347
222503
221958
235591
542578
522913
117269
323385
168777
260139
132549
328925
29849
30287
30289
445008
445007
29846
220288
479894
612773
682138
16086
109740
471143
173088
178105
132828
348139
558228
85538
166154
431598
136479
235595
632125
110141
328001
82419
235590
467126
355038
110142
652436
652437
652441
634660
220617
652435
675431
675430
675505
675049
146432
220045
30988
220656
163729
350605
480697
693272
156901
521983
220627
571396
445749
548377
540821
579794
656230
564255
328003
328002
328000
219685
675053
89364
136654
109745
480695
222529
488158
426195
530426
134021
219662
219663
627773
219660
172401
219816
20479
464913
687455
78417
71139
71144
642966
455531
21408
9424
219708
179331
399838
343916
219724
367850
19346
479895
173942
652721
391295
492080
457879
196117
240852
83971
33443
220691
84689
249674
249671
63754
219860
34288
34291
187793
399376
159459
258268
219868
219869
480706
438330
558834
75797
55268
50776
594413
479891
361537
67067
59603
379969
486175
480705
393919
393918
393917
332311
332317
332319
332318
332316
641393
697110
411424
127003
48052
101309
101311
101312
101310
101313
101315
101314
397298
402645
440035
135758
57162
196128
678647
344000
697363
220149
540524
238773
56594
93994
25525
336841
52381
50182
118991
213383
50987
165614
165613
184417
238043
445152
316640
38077
40961
210334
