420015
220661
220665
480699
68058
406504
415352
238349
415354
381952
637050
364455
364456
402644
347632
503021
396999
573866
671353
671354
219857
457573
649047
496251
677569
220628
436082
220634
63633
63636
220622
49470
391357
391358
63640
644524
49459
49458
49471
467293
391364
391359
676232
391365
391362
391363
391366
391360
391361
635385
635386
635383
49467
49461
49465
49455
49456
49457
49460
49462
49464
49466
49469
346814
451394
340277
420090
621408
96462
330854
484179
273710
222586
222528
584987
257691
583471
471193
632121
632126
219861
632122
222648
222651
469102
632318
202100
82420
82418
235592
85554
34298
34289
34295
34297
34294
34285
34286
632324
222646
687473
159575
649221
120824
429309
393269
429301
232669
442607
429336
468839
364460
55052
628347
222503
221958
235591
160743
408354
44025
160360
219873
265585
542578
574626
522913
67441
117269
323385
345077
168777
260139
132549
328925
29849
30287
30289
518762
518765
518767
518768
518771
518773
518758
518752
518759
518760
445008
445007
29846
445687
445006
445005
220288
445009
469997
219876
219875
479894
166157
612773
70797
682138
16086
162010
109740
470196
471143
173088
178105
132828
348139
558228
85538
166154
431598
136479
632124
235595
632125
110141
328001
82419
320699
320698
491963
320700
235590
323092
235587
467126
355038
110142
652436
652437
652441
634660
220617
652435
675431
675430
675505
675509
675049
447231
641188
443847
447233
36798
36800
62392
118095
428494
146432
220045
36799
36796
219454
30988
220656
36801
399226
220652
163729
364628
350605
473995
480697
456051
498400
433636
693272
156901
220625
423366
521983
220627
508897
571396
221151
445749
532738
548377
494344
141242
547101
219870
540821
579794
161967
641489
641490
642797
643001
443760
147847
643306
644137
656230
564255
188586
188585
328003
328002
328000
652470
685938
56505
219685
675053
62366
89364
136654
69772
486191
109745
111402
480695
480704
267160
267339
222529
427764
82031
423365
423364
423363
220626
498844
219459
488158
426195
530426
663917
134021
134019
219662
219814
219663
627773
18652
219660
172401
219816
408437
20479
18653
464913
687455
78417
204979
259669
107033
50942
642967
31818
419436
71139
71144
456528
642965
642966
455531
109236
109235
85513
15755
21408
9424
482227
204977
386853
504742
627645
219708
179331
399838
205592
562312
320717
343916
219724
222647
367850
692037
642964
19346
479895
474314
173942
652721
391159
33537
391295
66927
665160
492080
457879
220696
196117
240852
528443
636022
83971
33443
220691
351715
84689
249674
249671
249673
249670
249675
405066
406574
406213
536212
449824
427418
63754
397296
198467
75124
578855
584923
512056
219860
34288
34291
187793
399376
584924
126873
159459
159460
258268
1124
219868
219869
498855
480706
117319
438330
558834
438331
574
75797
55268
60881
495023
100271
100273
100272
179329
673255
50776
594413
479891
621287
361537
31494
67067
59603
379969
337102
486175
480705
393919
393918
393917
168419
56863
332311
332317
332319
332318
332316
641393
697110
126872
411424
233152
233155
127003
344617
344613
344614
344615
344616
48052
113521
90210
97756
101309
101311
101312
101310
101313
101315
101314
18735
18736
18737
18733
18734
18732
397298
195994
397299
463441
402645
361825
130890
440035
475846
135758
81631
81640
81583
81604
81633
81577
81608
81609
81619
81622
81626
81630
81639
81642
81621
81635
81585
81589
81588
81590
81592
81593
81597
81599
81598
81603
81605
81606
81607
81610
81613
81614
81625
81629
81637
81643
81644
81624
81578
81602
81634
81638
81632
81596
81616
81627
81600
81594
81620
81587
81576
81612
81615
81617
81623
81579
81580
81584
81591
81582
81611
81586
100275
81647
81660
81706
81691
81690
81675
81696
81645
81646
81648
81654
81655
81657
81661
81666
81673
81674
81679
81680
81683
81684
81686
81687
81692
81693
81699
81703
81704
81705
81707
81710
81714
81715
81716
81718
81650
81656
81658
81669
81678
81697
81709
81717
81649
81651
81652
81663
81664
81670
81665
81667
81677
81688
81689
81701
81702
81708
81685
81713
81653
81659
81662
81668
81695
81682
81711
81676
81700
81698
635333
57162
81595
81618
81641
81672
81712
259502
178805
81681
81581
81694
81601
81636
81671
536809
196128
678647
318797
329014
344000
134791
697363
220149
564950
93993
697105
127004
697106
540524
219865
238773
34395
69662
56594
540520
93994
25525
56857
56859
56862
56866
56867
56869
56856
56858
336841
540518
52381
50180
50179
50178
50186
50181
554411
339320
402642
181347
50182
570113
118991
672211
563715
563714
397302
22726
458071
213383
50987
165614
165613
458068
587213
169614
195998
184417
352904
6479
22916
22919
167479
238043
232248
232250
232252
232253
232254
232255
232247
445152
232251
35421
316640
38077
541304
40961
46129
261484
315937
262032
210334
627422
627423
627426
627425
627427
627421
627424
627428
627464
627447
627450
627445
627449
627459
627451
627460
627457
627446
627458
627462
627463
627461
627448
627429
627438
627432
627433
627431
627439
627436
627437
627443
627442
627430
627435
627440
627434
627444
