529396
555521
443494
146983
146982
610164
610165
515440
564181
564182
564180
151813
643756
631940
492890
492929
643867
444795
369988
348241
643872
348245
348244
89799
547622
485076
218717
101362
637240
496920
389999
264879
623185
528579
438988
369082
369094
369080
369087
369100
369111
369074
369081
361237
369076
369077
125487
630470
332362
369075
408467
396940
361242
365050
149899
445826
496455
400832
403313
553886
501114
692959
693007
693079
693069
693004
692995
692985
692981
692998
692997
692967
692968
692971
65315
451238
7766
617385
674031
555298
