467045
327467
529396
555521
33847
443494
146983
146982
610164
610165
515440
564181
564182
564180
151813
643756
631940
412191
630462
277205
492879
492890
492891
492892
492898
492914
492916
492920
492919
492929
643867
620504
444795
645485
448005
369988
348241
643872
348245
502553
592100
348244
515851
89799
89801
547622
547623
485076
218717
496457
101362
235689
437433
326658
637240
496920
389999
264879
623185
363463
121685
267916
267919
528579
326741
438988
369082
369094
369080
369087
369119
369100
369111
369074
369081
369135
361237
444370
577082
369076
369077
125487
17236
17220
630470
332362
369075
369118
369108
369083
369132
369121
369105
369101
369137
408467
164586
164589
402773
159520
106115
396940
361242
365050
643395
679782
411453
349273
149899
445826
540199
540197
540209
540196
540200
540204
496455
697645
396509
218718
679781
400832
573150
573149
557079
557070
557074
557068
557073
557076
557077
557078
557080
557083
557084
557085
557086
557087
557088
557089
557090
557091
557092
557093
557094
557095
557096
557097
557098
557082
557081
557071
557075
557069
210625
557072
697646
403313
614920
268500
210626
553886
633198
501114
14203
692990
692951
692953
692954
692959
693012
693020
693015
692950
693007
693019
692960
693018
693021
693008
692952
693010
693011
693052
693067
693048
693037
693050
693054
693080
693068
693063
693079
693051
693039
693062
693069
693049
693038
693006
693004
692984
692995
693001
693005
692985
692977
692981
693003
692998
692979
692983
692988
692986
692987
692997
693002
692991
692978
692969
693024
692967
693035
693036
693032
693023
693029
693031
693033
693034
692968
692970
692971
692976
65315
486287
14136
14142
547165
659444
158373
451238
38738
7766
640804
617385
465827
674021
674031
659443
384439
571278
269642
269643
47962
654138
654139
654137
269447
269446
269448
400391
89797
321800
556753
556758
556759
556757
556752
547621
555298
185244
