675285 17.840 20.120 0.000
675282 17.640 19.560 0.040
675282 21.880 25.880 0.000
675282 28.440 30.560 0.000
675282 35.760 38.760 0.000
675282 41.800 45.080 0.000
675282 64.520 68.640 0.000
675282 70.480 73.680 0.000
675282 76.280 80.200 0.000
675282 81.960 84.040 0.000
675282 88.640 90.280 0.180
675271 11.320 15.520 0.000
675271 16.640 26.360 0.000
675279 7.240 14.000 0.000
675279 15.640 18.680 0.000
675279 25.680 32.360 0.000
675279 33.000 37.800 0.000
675279 40.160 43.440 0.000
675279 45.560 71.360 0.000
675283 5.440 13.880 0.000
675275 12.800 14.360 0.220
675270 14.600 16.640 0.000
675270 17.440 20.160 0.000
675270 24.480 25.960 0.260
675276 2.720 16.200 0.000
675276 17.560 19.440 0.060
675276 20.280 25.200 0.000
675280 0.320 6.440 0.000
675280 8.000 12.400 0.000
675280 14.760 17.680 0.000
675280 20.120 46.800 0.000
675289 0.560 6.480 0.000
675289 10.280 12.840 0.000
675278 3.440 10.120 0.000
675281 4.720 9.480 0.000
675281 16.600 25.800 0.000
675281 35.000 43.760 0.000
675281 48.520 56.960 0.000
675284 16.120 20.000 0.000
675284 22.000 31.680 0.000
675284 33.040 37.320 0.000
675291 26.120 33.600 0.000
675291 36.400 39.840 0.000
178889 0.000 2.320 0.000
178889 3.640 7.239 0.000
465947 11.240 14.480 0.000
465947 19.000 21.760 0.000
465947 23.040 25.880 0.000
465947 26.600 29.280 0.000
465947 40.880 45.560 0.000
465947 62.600 66.200 0.000
465947 69.000 72.320 0.000
465947 74.160 103.160 0.000
465947 107.240 109.080 0.080
465947 120.680 124.160 0.000
465947 125.120 126.560 0.280
465947 128.560 130.240 0.160
465947 130.920 137.800 0.000
465947 138.880 143.480 0.000
465947 146.760 151.600 0.000
465947 152.720 157.080 0.000
465947 159.840 162.440 0.000
465947 192.120 194.600 0.000
568564 8.200 19.120 0.000
568564 20.800 77.920 0.000
568562 6.080 69.280 0.000
593831 6.160 8.240 0.000
568561 9.240 75.760 0.000
568561 76.520 81.600 0.000
675290 3.440 11.360 0.000
675290 12.240 15.720 0.000
675841 6.760 8.600 0.080
675841 12.640 19.200 0.000
675838 7.280 9.360 0.000
675838 12.280 15.480 0.000
675838 21.240 24.320 0.000
675228 7.160 8.800 0.180
675905 8.280 12.040 0.000
675905 13.040 32.720 0.000
675265 57.040 63.240 0.000
675265 73.280 80.560 0.000
675265 107.400 132.880 0.000
675265 134.760 142.480 0.000
675265 155.880 159.120 0.000
675265 171.560 187.160 0.000
675265 221.520 223.600 0.000
675265 224.800 227.120 0.000
675265 229.240 231.320 0.000
675265 232.160 233.760 0.200
675265 235.200 237.000 0.100
675265 247.160 248.760 0.200
675265 249.960 251.800 0.080
