76804
76806
71741
76805
217542
71740
690197
369783
593822
593828
593821
593826
593832
267904
267903
437537
433537
524261
524264
524260
524263
33191
184895
591528
591529
591524
233558
231788
68247
231818
340195
340189
340190
340196
675273
675285
675282
675271
675277
675279
675283
675272
675288
675275
675286
675270
675276
675280
641386
675915
675289
675278
675287
675907
675281
675284
675291
178889
88502
675269
131385
637161
516938
185346
194701
413041
78959
52149
52150
231817
52151
446480
411600
231785
231816
231789
231775
465947
162706
162707
231828
231829
231790
231812
231827
231797
231826
231786
231771
231794
231778
231831
231799
231791
231780
231773
231801
231814
231830
231795
231776
231834
231824
231810
231822
231792
231820
231774
189629
231793
189628
231815
231777
231809
231819
231825
231783
231833
231813
231811
231772
231798
231782
231784
231779
231823
231787
231800
231832
512630
568564
568562
189622
337755
593829
593824
593830
593831
593825
593827
593823
332500
231796
52148
568563
332501
593820
568561
181129
638775
98024
593819
641391
647227
231821
675274
675290
648400
407350
351513
84753
675916
675844
675840
675912
675481
675841
675838
675254
675228
84754
675905
158390
481692
667463
675903
432422
145586
675265
33416
464646
655651
253335
570905
249833
51054
191608
17159
262679
254508
