408741
530583
456236
58811
58812
675679
675680
675681
414469
245455
412751
412750
388903
388904
408781
253692
464402
408464
352856
689900
585703
412559
209535
342297
275132
42139
342298
342299
489527
275133
655842
235671
212181
326647
592130
399874
140147
444421
366996
321582
256544
57163
530967
327127
685398
530968
635061
475356
475355
219222
219221
219219
265577
560729
155303
623700
445521
268147
55029
55030
547534
116339
527201
445145
56342
125320
25463
636489
191327
202500
461782
16651
140152
238679
527289
22099
466308
275802
390680
390683
212405
393967
211102
631547
130388
54848
538224
194429
429112
81972
509530
327456
370895
452893
508550
609431
471131
492457
468202
390699
627144
398275
667397
154906
366221
377015
593943
593944
326458
511967
27086
329786
328107
323626
429113
342926
593132
656002
542727
384087
445161
542632
199066
538346
110573
372515
442647
253658
503016
366072
491671
451637
28115
327109
125968
621015
51209
260568
471132
667484
667590
667589
667485
498949
499371
367254
135728
520085
455385
