644413
644602
320068
560450
668591
536224
393761
325841
255586
76319
76307
412009
614831
440727
76321
76303
632044
323924
76320
76301
76302
404065
478393
547797
472351
162112
116053
650402
208521
579736
579737
579518
208520
505344
612202
595853
497186
696295
670660
670492
463222
76309
76306
76305
76310
76294
458975
566257
696273
455038
350654
25438
533201
554871
115544
582027
440785
432543
35077
127289
87629
441468
276670
483386
680487
680059
35074
64310
138017
380071
248266
128105
662968
396079
258274
69188
334472
70331
390247
242078
79655
83508
665444
487682
261023
352764
86274
318970
352247
426157
145381
62605
475747
478417
264129
259436
640794
624569
345515
341774
241821
171822
666771
676792
678440
668121
665914
666241
531382
382474
124044
646648
561342
578505
412077
570563
570559
625384
567429
624887
209643
607118
591009
670822
126401
665199
440271
396233
530585
114001
250253
465558
647652
388743
263357
505099
263709
35397
678242
35393
86615
384583
529723
563777
195331
557815
612848
390263
321649
558135
591135
380740
641674
263188
352556
352553
643651
51230
661596
504992
575382
661597
382444
382445
534495
486485
382447
321777
321776
321781
321778
63870
200410
682012
614359
583464
539971
317134
655396
654401
509867
659236
554602
32775
34414
466193
612899
667644
646270
336326
490044
490043
519017
563706
490045
34518
274102
335561
384931
530065
167234
593404
443135
