695771
636033
194437
533590
474740
342636
238881
381186
591579
537760
401998
582364
648208
458637
651364
478347
430050
259635
366097
447125
396439
177712
96207
249735
640625
217491
338114
512974
670291
426650
170539
431736
360364
244602
278863
681377
588387
474615
99632
434698
366810
456913
393689
346076
435381
28397
26282
573770
628980
573241
69308
59012
365240
339991
636978
387414
132723
511924
46068
369496
456912
456918
393688
478368
478358
463306
82288
82287
82289
82285
82290
82286
102549
71728
428394
100784
26283
54178
149782
679465
157259
155703
215195
431483
463027
54175
195347
25261
26790
140226
455908
478348
628972
424294
235404
182737
182313
203018
369183
237354
385970
181114
196099
240292
241694
44467
212100
199683
199682
199770
684123
457286
263665
537761
345490
536217
661287
372610
34709
324696
546676
273178
370970
276596
101237
336999
444526
207994
698256
539811
329810
82356
238980
243373
646945
686527
169232
32862
245973
113518
160521
160526
400901
438360
93345
83788
261469
78003
579419
451337
66789
78004
60033
670521
146318
44591
426648
170479
364901
579418
352169
539950
479579
389592
176136
389591
392686
486615
486610
486608
533430
31266
137150
137721
33544
162248
179601
184822
486609
486618
405237
536996
140225
178899
339880
41802
41795
41804
41811
41797
618352
339879
