326404
238881
691000
326967
129344
389779
398436
447125
376456
509950
421647
642191
418771
612691
642195
570491
171478
463767
398173
398262
435962
398439
397618
182313
428170
642192
642193
528600
327010
642196
409008
661288
661287
394290
683315
625112
321233
537270
537268
651364
371204
330289
438900
471065
490566
405118
512974
441418
438898
690597
194437
402107
340024
59678
59012
666292
340063
635968
688428
688429
636978
582364
135729
339882
57554
640626
640627
434696
434698
79262
588315
98945
659545
319188
319189
78003
261469
579419
579417
78004
119412
129343
579418
491294
433612
676247
580719
679047
407808
339924
679048
562154
595446
433003
338024
332271
433687
433688
58322
695771
62606
636033
619033
125153
182738
125927
125928
111393
85040
669942
655455
533590
474740
565922
342636
676070
173143
583279
537760
381186
591579
401998
149921
438896
149203
529604
648208
191917
639501
389480
478347
458637
152874
245660
138118
403065
437461
403064
508146
450011
430050
504737
259635
366097
631568
403066
403613
456200
46285
396439
182817
177715
177712
177711
177705
177716
249735
345408
96207
690595
351741
177709
233105
338114
328622
106554
640625
217491
461254
623499
426650
506454
640254
670291
388848
149943
392685
631818
397571
170539
170543
607112
155424
537201
392669
353875
431736
461062
244602
278863
681377
360364
144343
127716
504669
651264
651265
651263
661684
474615
661686
588387
466423
445228
340011
653981
177894
177896
177895
177897
99632
241723
233113
245671
245667
655658
366810
430982
430986
241694
241696
324696
442392
215195
645116
272186
456913
478362
245672
245670
236931
168104
577412
650931
578704
341060
398052
542148
504667
529003
641303
684123
393689
431482
441581
430981
244880
628652
628972
199661
181427
244882
244884
456918
397935
653982
684599
393688
391672
365649
192183
424294
684601
684597
684600
684598
210899
478368
478354
478358
478352
478359
478353
528231
517812
463306
528232
460082
475706
375983
365240
352758
397617
387333
396680
565930
200172
181725
168743
170562
180356
181726
181103
178185
168904
168744
170540
181727
169131
181104
445181
199683
199682
323161
424975
231556
242825
253889
248301
182737
199770
181112
352372
477987
477989
479879
472514
346073
346076
346072
316733
240292
212099
237354
199687
223889
456071
184270
340015
435381
431483
430028
28397
26286
26282
32445
573770
218371
37806
628980
478364
273178
688726
439543
424292
573241
196099
478348
445094
430984
362284
69308
328445
390198
591618
329810
421741
71508
562249
627079
62307
62862
352685
339909
339910
339912
339991
263665
263664
384078
463027
631816
661614
661615
668935
478349
418170
372610
195347
676864
465818
478363
382267
181114
385970
54174
54175
54178
463760
212100
203018
53393
503342
339993
44467
424297
664415
189798
276596
327787
408460
82288
82356
82287
82289
82285
82290
82286
81505
81502
81515
81506
81507
81500
81501
81504
102549
102111
336999
640740
71728
328232
338172
671541
98263
428394
620109
424293
264515
100784
99710
546676
402432
88252
26283
81966
478360
679019
326181
334140
387414
81503
385969
539811
537761
614805
132723
511924
99566
46068
369496
235404
246116
656274
140226
484056
457286
387030
212096
211097
456912
409057
101237
25261
150031
150032
149942
149944
150035
150402
149945
149946
150403
150344
150404
370970
149896
149875
149369
149901
149782
149900
149906
149373
44466
149903
369183
150845
150892
151670
444526
155421
244886
345490
445711
536217
18814
157200
156850
157199
157196
157198
157248
157259
152709
156694
156842
155707
155703
155871
155705
155875
573238
544332
366584
325627
159407
679465
430924
162255
168103
328969
324891
484510
698256
455908
243373
178016
165337
34709
26790
647343
171550
166904
207994
324892
619022
324893
238980
534133
34191
691639
438261
582343
125725
72233
383916
383915
93345
451259
574197
342566
363455
624874
413549
353501
438255
414933
693264
438948
438945
438944
438941
438947
438946
438940
464372
464369
464367
464371
438939
464366
464368
693929
685772
322052
178025
685770
685769
535092
318622
318621
318620
567227
318619
322053
231723
231724
465722
89614
122969
331045
157848
157778
693266
528220
479015
479018
438982
122959
193348
191525
685768
645902
686850
567914
438980
438981
479019
479022
188881
188877
188880
331417
567913
463709
188874
693265
161649
166383
531710
146318
675429
499362
238251
647614
177830
188144
238252
178833
264900
515091
515092
211965
188143
207753
188081
456101
135477
456100
506268
324416
415804
415805
253718
546518
103267
546589
687433
556954
238899
532278
517880
583752
581721
583751
625184
532279
457891
575430
676075
531709
530889
683485
478544
245587
245585
155797
155796
245586
327575
245588
202818
199260
203925
402439
203519
384583
344083
383025
207834
238851
384584
680743
178113
170675
554119
251457
201900
209643
206114
140481
511464
262904
211603
671900
155785
250957
210589
210588
478663
670039
167812
583929
241122
121810
194748
274345
463542
187726
693761
194241
194235
194234
587616
592250
586490
383949
584134
584118
592546
584096
593910
436186
241123
404027
172189
255520
121809
505416
669485
263707
464293
455459
657265
579571
194242
585150
593911
698046
696485
594223
557810
635183
463549
532141
532142
502680
100482
502678
651339
39860
544416
157742
64315
155779
145731
166749
490585
592545
17111
591875
520163
637272
155710
277192
584430
167388
586881
595854
595855
172184
172183
676978
235634
488280
402476
613914
560444
677192
582292
648485
643565
555520
585917
659747
560468
575381
270891
270896
270890
270892
270898
270893
270895
270899
382605
565048
648484
563801
659749
614800
270894
428125
561388
425771
646561
560443
564912
138406
560738
560469
562604
560439
678904
676858
560455
561085
673325
696407
559850
564001
402815
560437
649937
560442
496749
560454
270897
113360
480882
369687
147938
543818
155778
559609
564702
9223
612650
692046
579421
474144
169192
671949
568641
553395
505414
398340
541638
561383
660875
655515
339072
561390
507754
560450
543824
543817
595853
595750
595749
546087
319331
548011
399392
376831
341807
560363
573010
76165
76166
187727
616780
611975
570096
490526
475543
132880
515754
515753
490527
362670
558115
239621
661683
560354
136288
135444
635032
428655
203706
335053
181248
195891
470643
181245
317655
95057
96461
367817
660158
171992
475959
162000
421889
495747
179107
436041
569344
475518
380198
425378
682529
646935
665195
216560
541609
457435
457434
490580
194739
685536
361501
344799
457436
369504
441310
660886
367816
506324
269275
155805
488368
510948
325804
646164
621275
444519
115514
146317
528696
494837
494841
425368
583277
534871
635307
194740
531253
179060
331692
396870
199521
447525
544074
655293
460900
223470
171967
659871
234106
587754
327147
239969
640041
473970
550383
54704
245188
326833
539283
145537
256269
424669
147600
647504
570958
697054
585148
329569
368611
146973
165068
326631
640110
256397
256394
584718
323013
613624
277444
667784
686101
686100
614143
546419
546575
546579
546583
546585
546577
546574
546578
546581
546573
352752
586880
335052
328779
324792
203523
411950
263568
546572
664040
546580
580538
480858
263773
76366
278900
431364
431365
343466
369508
264835
610064
512693
546582
415328
194846
622437
170753
546584
569865
98199
201060
664041
616098
661266
520946
662096
673465
342904
614884
416448
693616
188709
559025
172867
460145
564962
439275
426089
662085
13233
332417
169379
492829
631554
500748
276266
643566
685134
192132
647809
517317
580540
98248
87630
143908
142600
144132
676931
118855
331234
544315
189710
655513
410520
139300
140161
140410
109506
263774
193976
150235
662086
150448
476747
157191
156944
152523
168887
156361
156066
512769
155874
177829
155407
540456
107330
162187
162649
161264
683835
161904
162861
685136
536174
166283
166064
166040
165817
164845
167099
166941
592849
129453
148287
125205
234722
234721
171532
329048
639568
144122
456123
33987
476510
671329
670089
171369
670095
169750
670088
240764
169749
342144
342143
172461
426086
426068
241444
241446
321885
196978
685681
517210
328183
240765
240766
518247
663483
49679
418770
93989
570865
145536
143994
148215
146896
464147
150234
149300
150883
151558
155784
159448
468542
160664
161494
327594
164296
165172
167070
168692
156016
167674
324726
424237
509824
684100
422527
562185
550313
489602
271358
337106
337107
530008
445252
172215
445787
640713
194851
401996
172367
559133
426570
194303
584165
173067
196116
189872
401035
686437
205978
534683
172339
189873
559130
194488
325546
594128
437336
530898
569162
101343
34141
671333
234892
529388
115388
493918
337105
136721
558836
510806
654682
147091
673201
194489
32332
32422
149069
150414
142025
157239
155514
155977
157576
270658
159409
159537
162454
194304
161196
163269
200271
133100
167296
200273
386076
624390
386011
329210
613004
612999
613001
612996
613002
613003
613000
613005
613006
613007
613008
613009
613011
613012
613013
613014
613015
613016
613017
613018
613019
613020
613021
613022
613023
613024
612997
612998
549907
347173
396608
475079
554405
334040
456723
315883
540965
169604
649808
209861
639480
75273
401995
401036
690312
47420
17724
171770
181222
262229
632419
258094
133442
147793
96466
200272
536052
620673
694102
688943
154972
158524
137109
680453
99896
178026
213146
211559
190687
500269
500256
500260
500264
500266
500268
500262
500265
500261
500263
500267
500271
211495
200412
192433
647330
241010
275101
241011
170340
194438
336473
479068
194542
194540
194543
437278
574440
201837
479066
555922
577266
456857
173418
377151
479067
479065
658514
437285
437280
437281
437279
209570
208508
349853
349852
176052
172642
172405
171328
170323
170410
170990
172147
170317
170375
170329
240923
240924
240927
207842
339936
677173
170354
241014
685922
640216
437287
75249
684760
172229
437283
568439
394869
207841
201057
241015
377149
437286
170460
350568
691807
437282
172036
79088
377002
170318
170387
240928
208894
679535
208437
133659
131926
123072
123057
123160
123167
123421
123162
123424
123430
123431
123045
123050
123051
123056
123065
123058
123059
123060
123061
123069
123063
123066
123068
123071
123073
123074
123148
123149
123150
123151
123152
123154
123155
123156
123157
123161
123163
123164
123166
123168
123169
123170
123172
123173
123175
123176
123404
123406
123407
123408
123409
123412
123414
123417
123418
123425
123426
123427
123429
123432
123433
123428
123174
123405
123153
123158
123413
123415
123416
123422
123423
123047
123070
123046
123049
123171
123177
123165
123048
123054
123053
123055
123052
123064
123062
123411
123159
123410
123067
123420
123419
126073
126070
126069
126072
126071
126075
126078
126082
126083
126087
126088
126074
126077
126079
126080
126084
126085
126076
126081
126086
139063
685870
377150
516577
460014
207555
157851
437284
42194
203738
530065
144897
447810
453167
513487
472651
638250
179029
193349
191666
633119
257997
593404
170599
638249
170584
333800
243702
676497
645446
641244
615236
588540
685330
381677
661153
691368
202264
644875
693120
45487
685331
560697
646873
198625
198477
212202
141134
685842
255307
334577
693279
260574
271565
271566
623125
609512
331624
610968
52604
202505
264295
202506
617064
410591
532774
541374
532935
254967
231652
231570
231574
270432
274654
270433
245985
351350
351351
351353
351354
351352
351355
351357
351358
351349
351356
351360
352842
352594
325993
344426
456300
625511
625510
466332
470752
170441
223960
669347
640701
640314
640937
656853
565400
539596
578421
376375
408847
442681
444137
614466
617079
182513
184884
185551
174879
195919
197869
221662
674424
674416
184752
234808
235632
463248
674407
674430
528718
404378
178561
240568
670644
404379
674404
528720
242139
646642
198073
528719
674397
539761
641812
688771
528721
614476
614468
681568
404374
324475
617171
351314
458121
653043
210298
674402
674417
658353
569770
537774
674399
267154
591415
528722
628976
628974
198967
197545
241013
511223
511227
511225
511226
653456
642305
642287
642285
642286
642300
642298
642299
337120
337123
337121
337117
337122
337119
472520
472521
472518
472517
472522
500810
581512
562977
537775
653397
645687
677368
688245
251943
628381
628382
574471
684153
412883
272188
648073
640967
636007
677748
677747
671335
467940
584590
173499
170458
170456
528055
320546
636866
683498
578711
642523
642297
172937
457907
614500
664551
320645
231627
561224
472524
472532
457906
337125
472519
472527
472530
674408
391679
614467
677656
184749
355071
347863
646025
274672
261844
686133
567442
382327
372613
329860
544073
682658
544173
541579
467470
326934
684185
537326
393687
320875
328725
636025
638289
645761
646562
541171
638290
639496
640085
639298
331236
398053
417662
426910
388351
424487
413147
413375
416103
417675
352980
395459
405516
414802
426044
470904
450539
622635
180897
217894
217919
232662
444335
669342
429137
385984
578708
513177
581331
511679
580542
511222
507250
507457
383114
647626
639123
639122
494170
494169
583504
583503
514176
621789
395206
320536
388729
678722
658324
659876
681736
517820
658068
564751
653647
677746
407881
339697
275349
323480
331697
346650
496892
652028
488745
493552
496834
505314
435143
428851
505053
506011
506129
501737
426450
395317
535319
540037
533268
521713
520822
518571
507765
530838
550930
531044
520932
507764
507770
511614
520057
514171
518093
507766
509938
521716
531743
536648
534742
180321
180322
255231
329511
541280
445625
425371
479060
425377
592917
579776
587919
593742
561293
569964
567190
567189
567193
693962
579265
628385
626127
593758
593753
638905
635179
646886
634922
634618
594433
620799
611249
613029
636415
637013
595793
595797
596534
614469
546755
545866
516495
546303
519486
528729
511006
521373
532428
546519
546618
232202
608960
609648
596524
592104
592106
591688
591092
591447
587356
580068
577784
577055
575659
575361
573129
571524
529780
566148
564789
564618
563287
555131
548653
572186
579598
578252
584739
591376
584167
609664
577561
608861
592416
579315
580607
565859
566871
555130
547542
547551
564913
569438
578611
578771
578921
580842
587917
591460
684635
613366
684636
684634
684943
670681
611182
684944
684630
676896
689329
676897
684633
671833
672093
648489
660162
689330
678070
689331
689334
676895
676686
676898
678071
684631
684949
624249
679905
676894
676899
689337
686664
623812
676893
676688
684945
684946
684442
684628
684950
646647
636256
691292
661007
667789
629926
636780
665087
657460
665256
665218
666572
472531
678921
661622
663787
683243
669154
682146
682486
674401
674412
624520
689222
607118
602907
594487
591005
645668
674400
674405
590996
448091
431537
260230
413569
443941
443947
443284
443946
624435
442269
443993
443997
443998
443999
444002
442787
442786
443994
444000
437700
421733
622084
622086
441424
439627
621375
418772
434980
345649
436467
437160
618284
618283
437034
531250
533190
434151
434313
434090
615587
433737
434315
433864
642759
614457
613636
412886
444355
444334
444333
430885
444246
444247
444250
444251
444252
444253
444255
444336
424385
424627
630427
628663
647151
624965
625509
629624
625339
636128
690346
682530
614460
649352
410531
273626
261134
674396
623811
208692
506169
655543
621376
350847
535245
613470
326289
509124
418288
614458
674409
335038
417022
393683
393718
426046
393717
393728
393716
393719
349686
393685
349687
417023
417008
393725
393724
393723
393686
367843
367844
367849
416930
335040
417009
416932
417010
420534
420537
349689
335036
349685
393684
393721
393726
417697
417007
420535
393682
416934
380302
448729
479307
184839
238528
674311
621804
671009
337118
191987
326410
202027
688882
240624
349688
274873
168260
261305
267158
243008
628383
682800
234330
338762
476511
419150
505062
337116
262779
332805
332567
276433
273457
235783
235260
260226
568370
349688
274873
168260
261305
267158
243008
628383
682800
234330
338762
476511
419150
505062
337116
262779
332805
332567
276433
273457
235783
235260
260226
568370
568844
569168
494161
495478
495075
565855
567383
368685
344468
383411
510212
513920
398632
397944
397868
663190
342928
342927
623857
623859
623856
517930
517927
517925
541010
523678
535758
518065
518060
543741
517948
580721
518062
521135
580723
537015
528052
517923
517926
517924
517931
517949
517951
517950
517953
518059
518061
518064
518066
519325
519326
519328
519327
520508
517952
532856
535327
536201
519323
519324
520509
517922
517929
518058
518063
518067
519329
527831
534115
541167
540279
540479
545733
547096
541165
541695
565275
448737
463310
472668
448716
448717
466842
670293
614499
277242
462107
319219
319221
317350
364097
565274
683499
563665
354184
350250
563046
563131
621793
451299
679734
348320
348319
410856
645920
560599
560894
559022
560603
560895
558424
557512
558116
345695
554972
478918
324498
342381
324499
664489
478252
550381
548147
476945
476952
339322
340368
168978
380032
575291
505411
574677
547001
500010
573236
399824
182532
182530
182531
550927
341835
341838
432945
432938
432935
433793
432939
432940
432941
432937
432949
193799
335310
319100
335313
269766
335311
320537
320176
274675
274674
274673
269768
269767
320175
327146
269765
541877
588473
541876
588472
320937
320938
320929
320942
418267
621379
621377
611309
680649
673451
673450
673447
673445
673443
673442
611308
621805
673444
673452
673446
673449
673820
661460
621806
620542
621803
621378
621382
621791
621807
621810
621808
621812
543160
621792
621790
621809
184025
205618
476501
476502
524633
527204
523916
528727
528726
529975
445456
524630
524632
347873
350850
350848
689091
664561
664577
664589
664441
664544
664567
664525
627887
664573
664575
664570
664572
664571
664569
664552
664498
664505
664487
664496
664494
664476
664486
664475
664468
664462
664449
689043
688886
688770
682488
679455
664478
664502
260238
260236
260235
260233
260231
260225
260228
260229
260227
260234
260232
260237
530530
566942
530374
567447
567255
684922
684919
547877
402475
332763
349842
349841
349851
405147
349850
405146
465165
531373
531321
531309
531317
531314
530653
530638
530654
531292
531310
482082
531327
530655
530660
531288
507251
507253
507252
631556
579266
632168
632169
632174
632170
632172
632173
628917
579267
518896
457911
469708
609703
625081
625109
625090
622533
559024
496513
445013
664611
641498
671238
672384
635367
672386
622774
370742
434595
434594
434592
434590
434588
434585
369555
369554
434589
332649
369559
434593
434587
434586
434591
241706
241702
320173
382895
241708
241705
240929
241703
385201
516161
665194
258378
509119
325788
203316
241923
621679
621681
621677
621675
621672
621669
621665
621670
564663
594840
621682
617031
621663
621664
621668
621678
621684
621666
426071
438930
482249
481652
543532
443422
393779
548148
180323
264423
536426
639631
609426
617044
536822
431910
619265
472529
618397
608624
618610
617750
617748
618964
269764
431734
582037
541168
415033
188261
174095
345494
345887
336347
335723
335918
336343
335722
323569
258390
244416
259629
223693
223694
171587
176175
177608
174495
255519
255525
172864
669352
630568
395689
528724
591444
352314
581511
642524
642301
503316
428835
511224
695631
275081
372015
619043
331373
327528
267423
326834
529971
680651
466371
337124
632176
432948
695860
654534
384029
359138
349350
386561
370333
384185
191519
170440
265171
323653
648072
680405
668102
674415
645342
412860
436130
685844
445018
658870
445017
544179
544183
445020
321908
318781
435822
433573
625760
639229
472526
628826
401856
531045
683821
637371
351359
569453
323469
217920
28395
26905
624380
507767
641107
686685
414514
608398
427218
336457
36429
559839
433752
592544
531718
399868
424271
637258
581809
511619
645851
431650
327449
485417
34120
393575
592783
449207
576580
400614
253664
13225
13227
13622
13229
13230
13232
13231
13234
13228
13226
635214
626126
591012
642302
592541
416106
582251
433572
408431
435944
639477
205801
324495
478810
669484
666294
515615
652714
523430
385867
405129
538757
550384
482248
417696
490173
684683
173998
580717
580864
662103
329966
613609
267333
621381
496098
696282
512290
468541
524631
614465
245187
264287
338760
198415
634701
537881
596525
665215
683618
528296
352596
267476
684477
617521
553868
168858
668792
674420
590987
590985
590982
590984
590983
590980
590981
590986
370293
684540
636460
578271
475527
401037
676637
656689
662735
553958
557172
576069
689332
514504
692006
396595
198944
217719
262522
585509
579843
632728
437161
449220
640176
676900
635129
193740
317271
349837
336461
434507
691470
416489
609491
504966
689532
522207
509855
320934
328970
647222
583867
589841
249437
443329
472669
531430
619263
520920
685835
561391
621801
210882
242175
258361
397910
454814
70943
320932
611716
608835
248228
63666
63652
466478
349683
445114
65230
234884
75954
612084
613803
608411
571648
75521
75248
690570
577894
611603
528599
518520
397076
655589
612798
320839
679758
515941
584097
515939
518095
590043
587753
589617
587810
517818
680139
529985
529779
405517
404917
684483
674429
674423
677657
432950
579261
654300
612817
642517
636919
681738
613965
622772
590044
391456
477371
521033
520451
520505
592538
524946
594573
524028
595711
401245
401247
401659
402524
402489
399019
399029
399033
399025
399032
399020
399022
399023
399024
399027
399028
399030
399018
267417
399017
399021
399026
399031
451657
403408
403407
421906
55321
625717
662093
652715
445015
404375
591400
671836
648492
641559
510995
566579
324502
212431
173411
522110
517677
612799
677187
685885
542326
398598
475870
591009
331163
244000
681445
678069
671992
688506
674319
686442
245824
187722
444332
193032
213083
685841
527321
426451
691019
556220
316975
60284
60282
60283
591091
624366
676121
642891
673256
556462
569663
592564
614461
693748
580899
529029
521027
341839
210786
351348
614043
689101
265870
270904
270631
336458
272587
272591
272588
272585
272594
346714
272598
272586
272590
272599
336459
336460
272593
472821
472830
431625
472823
431665
431623
431662
472822
471035
431663
431752
431622
431624
431661
431753
431664
472824
176167
650807
622341
639228
211388
337061
266160
403414
337714
333149
333106
346564
383906
190996
182534
193741
208044
556586
562409
684837
531717
531716
673456
673459
673458
673454
621380
658152
673457
320925
391213
270595
270596
270597
380046
505494
505498
467925
467926
505493
505497
505499
505492
505495
505500
505491
187723
187721
478930
335039
478929
624378
570784
478924
268819
640252
349839
618983
533749
323424
169126
407767
393424
595796
443945
607126
674406
674410
674398
674403
445016
506903
347740
347739
347742
342295
345392
642599
641792
651587
659648
652793
667493
640336
634710
382603
382609
265166
265164
261545
267152
261544
382602
631992
623123
640776
663171
571355
399595
401033
401034
401038
432369
432263
457077
428675
609208
686683
644984
644983
609199
469419
662736
347861
536474
560604
674414
472825
578728
412884
497526
686672
592536
523431
523429
581631
684623
635082
642522
521087
616791
435241
565156
397029
476893
240622
663334
688881
407756
692005
638938
482931
478866
478926
322194
243006
682167
529976
384014
342609
272584
336452
336449
336451
336454
387915
336453
272583
183855
555738
624379
676787
528801
521814
174496
674413
689527
641298
644406
660397
644405
641265
387673
378208
270915
270913
239032
239035
270617
270620
270619
624375
640253
659189
640251
624128
638426
653419
653428
636267
616781
624246
648599
616779
650469
610517
431759
431909
448724
544533
469545
472808
431760
431908
431761
431906
431905
433576
433575
532432
433574
241920
681731
608880
587749
328140
489557
217743
346250
322326
443419
398786
500812
441909
626552
241922
621802
268514
456297
332250
553457
667105
361621
595799
463425
516033
574485
424270
462123
690347
427454
579262
645180
547097
486447
585078
561803
472815
457555
332635
393722
440061
267156
540280
642288
537767
579263
608620
325803
209059
342330
676296
577007
614470
459490
459491
577265
459492
518917
678894
592539
592540
457033
432710
559344
427446
427444
586258
579264
636568
469073
580149
610307
241680
545157
454995
426169
554768
34190
54317
525108
42911
607942
680134
593271
590058
585507
527387
529974
617076
592085
423477
345008
579259
46999
569791
684475
392471
569919
270598
218047
50441
50418
50419
50444
50445
50446
50392
50443
49613
684474
439402
610068
691815
609511
208505
15472
16109
685881
642282
642519
642284
642283
642303
642518
673689
642304
564613
592535
613628
456975
468214
213085
255518
233568
214228
21989
427453
640266
610522
610516
610519
408265
610520
610999
573973
531503
426291
567507
568845
187725
331498
270593
46135
584075
620953
587750
583869
579260
441423
581362
45000
689901
662106
682656
416933
684439
595788
238240
242135
23242
23240
23241
670094
525256
393681
417006
337531
427445
685834
441927
197255
210249
238736
447819
520710
393484
447465
334054
568843
648198
104667
104669
104668
104665
104666
596498
656344
542130
567886
659980
691551
395072
631776
559466
546343
66740
341088
666295
561824
686679
472649
686618
393678
621813
592782
592780
426645
418266
238533
272597
169630
103075
103556
244309
689972
326938
100299
635948
500813
547451
684668
668508
607420
618409
332249
217716
90734
79087
469624
621671
583468
546533
582921
614463
650541
563288
445144
326397
192413
339911
341541
349684
235205
92748
578709
553887
326938
100299
635948
500813
547451
684668
668508
607420
618409
332249
217716
90734
79087
469624
621671
583468
546533
582921
614463
650541
563288
445144
326397
192413
339911
341541
349684
235205
92748
578709
553887
672784
652616
476772
409009
667253
593853
680150
661013
425350
673439
670183
565054
400364
410628
241318
660480
673807
362135
608149
441362
387914
95253
97843
423800
671462
695571
404373
668929
671654
272459
98235
266021
272595
241012
572449
572547
614497
614459
685882
653067
592537
614503
614475
427841
96346
96347
96465
96467
18786
640313
624247
639231
688234
614002
516493
421736
563515
400368
579269
192123
256482
223442
192124
320943
335035
353156
335037
382897
388352
101342
635950
437317
667716
530421
190507
209613
684615
572989
512369
445014
642281
595715
664150
566865
676234
320145
99500
80556
89160
433981
658879
511615
613308
696076
531382
678909
677200
429081
454994
559833
267297
234074
249436
195739
333960
617030
669486
645558
617032
399401
565085
546613
437221
321556
82023
683497
635947
639509
535050
571113
579268
440808
341840
645440
608955
610410
454993
329057
211000
173134
620791
445019
555999
108287
108487
108253
516479
671999
350660
578721
676102
595716
573842
635126
265343
427862
145106
143261
143928
254125
142317
143205
240623
144515
524483
273643
546620
271187
614130
341272
570378
320535
551118
120385
250367
115384
115387
115402
115390
171737
202551
630028
698061
687022
530854
329050
677071
679355
397892
391681
537607
545208
591010
579782
426916
530740
415330
95053
648470
332323
339277
653125
413334
685206
500814
425372
241681
135555
135209
185722
135933
135180
135162
232174
136432
136437
136431
136419
687373
686858
693423
444765
346658
669559
384010
441247
427452
553203
465616
417957
441248
50442
493508
695643
695642
491567
695646
681577
695644
695645
591121
667104
473641
428138
465285
569435
682814
476771
674411
430828
642520
673266
592700
529033
173520
134698
244313
255523
132882
341603
272592
132546
132042
132569
563651
689135
634752
515104
595776
675616
584975
620685
505391
628032
646259
592781
365186
404372
178878
117782
117358
115252
115249
115246
115247
115250
170439
272589
272596
117086
117085
270594
116758
674948
628377
417498
638071
572653
531438
515321
686553
655614
613471
677438
460459
669022
620197
534116
580724
579829
495522
636576
632109
686555
26714
659381
650342
388338
530643
467871
148318
189627
241699
147891
147320
147628
147595
591008
516494
336456
341865
639585
697883
271325
421888
563590
125171
171740
238184
513267
640001
445490
341323
423449
401588
577518
555995
123907
371516
677195
588674
682518
677682
440604
178686
268134
346649
123815
131032
405148
580219
669487
546588
685832
616049
391680
559950
495017
608871
437472
440524
640775
620790
173273
627080
405518
460212
427705
126268
400785
624245
556228
683711
125878
125881
125926
125828
659441
395686
326912
266009
200315
185528
248270
260905
255581
674938
614447
506168
475334
106723
554057
500811
390539
271326
212137
238780
607113
674940
614464
457904
416001
441550
475738
622190
624244
436800
607274
670057
684339
562918
417005
405220
15470
347436
249659
184349
658150
447826
538788
429068
515241
370967
171462
516576
640635
661998
686401
417694
387827
510807
531328
416002
568440
127456
271339
210098
243005
203434
96468
564024
578710
651533
612185
425212
386558
238525
241700
111630
577790
697084
696437
646352
693313
501479
533169
552156
579842
540057
681777
554602
570154
444843
655292
696464
447561
447560
447559
444724
268133
55036
271291
326254
481121
552157
521026
693652
395134
505686
395135
667375
475541
689000
658869
648491
636255
627931
646409
615013
686765
548444
149827
241441
251653
365676
553213
611463
697579
417030
528723
343043
149071
149066
260239
197244
149067
674422
674428
682731
531383
638384
674427
674421
561190
674419
674425
674426
674418
697602
345648
421732
188839
151086
347741
151625
214227
151380
624248
569920
536485
435370
527194
686616
548621
155256
232996
155142
320174
513427
628445
686098
695834
695836
521582
693653
685678
698091
690627
609661
674320
610411
388340
511069
473699
388321
658249
495992
442526
609654
613960
639506
472533
628227
685394
660481
388347
696408
564235
413199
539536
620394
695992
427092
634978
620451
596497
595467
671491
431763
135208
115386
366100
202239
172053
156841
476556
651670
542453
494980
427838
342182
155928
244256
348328
155933
322823
636921
473996
459704
642525
370964
561081
398931
575759
396457
636544
489035
494833
592565
636707
510803
153462
346533
153460
158418
335571
153461
326676
365065
157872
366575
157727
409030
251654
397327
350267
660396
677376
425367
695295
583563
418830
662095
688889
607276
663479
677436
427443
446080
573379
515942
268021
271365
332634
213559
412360
565185
513958
529873
672259
548629
523917
579258
667735
515938
530057
679187
572684
608392
583618
693634
622885
670819
496878
26906
221868
319985
170112
161376
161510
628228
624643
516880
684500
580898
671993
690665
513714
468067
683648
636917
530161
533026
689336
536644
674949
632686
222448
112071
161909
161725
329568
242509
162008
115248
609490
367842
320940
243925
171010
163603
163604
163588
163489
621683
649680
469422
451658
658151
567112
421887
540966
482327
608870
366163
674946
578732
657372
686660
582947
435811
384013
413140
512513
164002
244961
213754
201207
164081
79086
402511
622602
479059
674735
610761
516492
520467
340075
516497
166027
166267
162856
166748
166026
166025
165765
165611
157947
165536
165612
326920
365675
676609
582946
593792
430895
331892
155133
232175
164960
165261
165270
574524
655514
623426
567347
255597
697082
404364
579568
681733
614495
690476
636268
478812
662084
583740
496204
557652
613323
522297
435147
167203
240930
166895
255522
541689
579569
523725
437337
581513
525058
689333
590052
666724
469425
421886
193692
167453
173841
325142
167645
167671
271323
178888
667489
347848
536638
405006
426153
578131
467026
417864
424277
434167
692481
423450
483368
563616
431820
426381
671032
573840
642778
564933
473718
641198
579270
636989
529769
688012
695373
532351
513869
565554
502774
476849
415072
441333
416494
495991
686389
450527
692480
431819
513667
548257
661610
512161
553450
381166
512282
223069
141561
179845
263954
209626
232166
251652
152845
232025
223972
132881
223093
232026
329855
232000
168260
270366
621275
444519
115514
146317
528696
655787
655798
76434
115510
31266
137721
353876
15696
149910
168053
162332
627512
646945
517481
114396
114397
343429
160541
243069
42792
132083
258191
97375
98940
559020
676301
533000
98941
501933
626836
391101
591101
554436
321123
331531
198368
556610
211415
564609
564608
211416
104430
104428
104483
104484
104429
85644
93109
98686
554438
82908
110989
110986
110990
554437
136621
136620
116847
110987
653924
104385
98630
567792
587151
397064
675508
686527
76435
121262
584938
135502
135497
77019
146751
404828
424093
339995
691634
553760
352895
486231
624007
249498
169232
351119
351114
624377
46676
125779
32862
676184
334445
595839
586838
377064
524920
144154
444764
548385
548387
548386
585782
585781
504641
444763
444762
450883
651349
651344
651347
651336
651341
651338
521736
651340
651348
651343
651350
651337
100483
565475
144156
144155
456102
651345
651346
651342
521820
444761
569522
245973
339881
340016
339913
47044
578294
98586
142923
113518
437953
160521
160526
51129
51172
50913
50914
254371
254370
174821
244383
418286
438360
518636
400901
122100
83788
30168
62509
62511
62510
415807
415806
416317
560721
128368
529833
573145
573144
573301
586606
237217
521147
251807
425167
132843
60891
60893
60892
467535
60894
344226
560438
529159
591654
673335
378123
347472
505101
691963
440802
414142
563217
560866
511897
564914
489417
265347
367996
511889
676995
403020
378121
66369
490749
63347
570247
378124
655516
410307
105043
677169
536140
511895
95858
641621
333137
674944
463812
399821
653027
696111
661782
563178
138397
157645
159172
161643
160525
615259
643221
196095
223548
481777
628802
628803
628804
521228
135898
155777
158606
25453
145575
440929
256065
256066
255407
151824
635801
636418
579803
661487
237779
634706
566054
378120
684184
556787
362925
481150
554849
591310
641622
435491
353089
594313
149419
684980
560440
451337
475708
514884
245279
512805
419078
366098
269405
477175
477492
518590
353182
30369
350507
37549
188952
391458
66789
60033
62617
353181
344937
47701
44591
338104
670521
170479
178523
147673
146319
176094
166207
640941
426648
675127
364901
352169
264326
537233
342105
660788
365942
57335
57334
57705
690011
262852
675020
675114
675117
675142
675115
675197
675864
675125
437951
660773
474919
199416
685703
491788
425168
425169
39890
570308
192567
574571
196660
144552
147922
442911
679197
438196
442902
145550
142007
679196
107224
556028
560361
561802
360893
488945
323666
642503
232497
615690
188254
651737
580750
384381
660805
364110
490934
437976
510060
582738
493672
261053
684667
647671
582211
565058
148879
491787
680057
336322
559108
162717
626909
626911
626910
539950
515094
178524
479579
389591
389592
176136
462932
615275
675140
675130
675128
675118
675601
675126
675183
392686
392656
486615
162365
506703
541294
615894
640053
539151
568473
639387
438926
614050
628785
631948
649398
649397
520078
460571
391941
511675
610092
655871
571243
686219
608301
62030
546197
399396
40862
652413
45240
45237
45241
45234
457107
119708
578960
127586
127588
642306
259644
164809
496257
155720
656432
157414
383026
675423
675439
675131
675863
675017
199414
487118
482825
595065
575494
451053
548205
260942
145097
486610
486608
592428
490635
414919
234935
234932
195827
592430
321903
323667
561227
555249
184806
511824
550850
341548
263944
493059
466956
466954
510055
415829
439669
347834
369678
528233
635161
427385
533430
655710
215984
184822
187732
30470
9037
76949
223643
259903
46072
179601
137150
135501
129385
33544
127659
162248
512674
512672
512669
512668
512671
512670
59387
486609
558957
487525
486618
594255
188368
513718
615147
580081
348194
487460
487459
335291
232279
377735
36928
36927
524268
71483
71485
56310
437952
669544
549348
366114
180238
260761
522885
420544
642307
608050
346248
681744
556958
475477
371282
475647
125954
500218
108845
453077
511437
488279
151153
379220
379217
405237
379219
379222
617654
536996
617653
617652
617648
617658
341386
617656
617645
617649
617642
447484
178899
690512
432508
593622
59314
617638
51779
98822
144123
121528
140225
105222
675244
624433
675133
415840
548204
415841
521794
140260
197232
665929
233270
519562
631817
460786
516660
566891
425373
399350
641676
351947
372135
204002
197258
408971
514885
607821
223742
419740
420839
327936
435647
575881
651216
393320
680725
534139
488758
446492
439539
401909
607136
402586
569649
466138
565455
489113
487627
274152
628343
628341
628342
437963
438167
607133
607134
607135
421607
689020
420841
656751
632513
632512
475630
475624
487597
475625
475628
575762
479829
582419
259637
259645
235400
414279
626543
264829
267496
38110
511778
511775
656757
635140
63789
63911
74424
587450
66440
71484
582941
437961
516908
607822
496426
54938
549212
50582
250754
500306
20697
45200
86198
87391
388727
81055
191294
268079
327561
84530
84617
444097
205004
365041
118161
118572
118162
122008
266037
125393
130497
478315
536338
140347
666263
382909
98267
128460
127838
111664
111666
564489
523116
632781
432837
417540
151151
323823
353051
167079
150993
206043
632219
510801
697816
158599
158591
242500
199438
159932
554291
543429
407738
383160
543141
438870
461712
438131
480689
91226
90004
407737
145474
145473
437980
433628
135815
685996
523313
677292
361221
585624
630456
582919
570426
339880
338025
339879
70958
73559
59176
593605
53753
41802
41795
41804
41810
41811
41797
41798
41805
618354
618353
618352
339983
103127
245812
408908
444192
207443
398672
407740
184421
488352
684684
223251
544326
325811
644488
639323
458982
463295
582840
575882
416264
410897
319291
180649
492179
627633
693921
398671
648139
688054
275400
431593
434510
537465
425171
631403
191876
655347
619306
437790
438826
480835
438867
420825
474335
335557
453201
369824
254440
547939
265370
682191
461713
317673
464109
264585
348122
561285
560272
521868
345037
552681
554044
380396
381169
574226
572412
642018
171717
438746
486039
438525
438578
482752
482756
486030
438739
534131
464111
633793
686331
487595
238774
383488
479767
479828
614526
582415
582416
468981
423401
240661
398019
352310
104
602
28445
26333
27809
27820
35299
35040
34575
34582
34584
32687
32076
31831
405610
11721
223256
38112
38111
324229
329942
445137
68614
75001
468521
516092
587135
428157
521662
521512
55369
55368
72854
72904
65879
205830
71487
62394
56696
377012
194941
336601
395029
262497
372204
421936
445343
501257
501254
689040
650626
351918
264583
543356
516768
54898
681448
52090
588465
46635
51273
19375
44798
103302
52272
102313
102337
102857
94636
474168
649762
99229
695953
659746
100048
277275
80701
89062
371479
81271
46882
142009
144139
115505
515798
396497
134717
133745
133746
649373
208104
365051
125390
395604
128994
487761
434343
656248
126751
141510
468216
127829
235785
479460
112812
112265
150179
150178
381973
278868
166335
126750
163530
163519
163483
163479
163532
163550
163536
163551
163534
163520
163552
163572
163529
163644
371281
570519
456820
127707
407620
420836
496167
371283
158589
158592
158604
159441
162221
162222
159988
159989
159999
160017
161002
56233
99431
565512
7985
338043
146713
155219
685997
338021
646718
53416
52130
123746
147677
470108
394270
320466
9105
37551
37224
503662
40165
164893
155114
161005
161329
257850
232441
325992
520464
517813
505307
462923
398670
398673
434769
648727
662091
662089
662088
662092
575782
543412
540034
367007
500749
500750
179025
179351
170688
186944
654617
366191
189717
535988
662087
594349
554131
194721
543156
237118
214029
237120
179167
460905
399138
574090
352552
352556
554006
479555
173437
331298
620486
438179
352553
396749
180157
541878
471062
467311
320286
352554
635101
636094
637326
632750
643044
646876
647356
646877
639399
393485
417541
418209
423319
418292
321963
402099
346568
195409
429676
578445
384682
384347
435669
420666
320467
393646
392405
583617
656244
325702
320302
420843
370012
319278
435441
490630
490631
580156
570517
516769
546610
516770
515109
319268
581244
649654
685760
683024
661900
687253
684785
413558
438070
420665
622090
417054
436908
436906
436910
436909
530311
611459
611439
478073
434058
432796
613797
539152
539793
624342
643048
521840
683105
431896
438846
438818
438853
438858
438878
480847
480018
479625
338051
474126
457511
455155
456731
242398
511106
559542
241350
565101
493728
565306
353610
352783
191871
264145
486446
560265
560896
556664
558157
345885
648598
478450
479376
548655
476452
548143
341375
506865
574277
570685
571412
686692
438549
480698
438476
438676
480828
481910
480446
437764
480717
438413
438105
438532
438030
438128
437966
438009
438200
438287
438236
438263
438172
438192
438018
584295
643047
643045
643046
379798
251627
402730
487762
353968
528477
571283
678442
321250
629012
196273
268925
250323
481132
520957
479785
479808
479561
479600
479776
479786
170514
560087
537689
503197
532299
584396
237119
346944
322452
240905
220532
649260
690630
184658
523211
636532
593732
513910
444083
377321
719
26967
27927
27584
28030
377319
35130
34495
34496
438302
33698
31480
31584
13786
13621
12644
39382
322443
36818
614666
388960
402964
486349
437960
556372
569106
277160
346622
213243
8767
537812
434779
683104
69179
63770
646881
76192
75200
74844
515531
516432
518825
519210
518544
406342
178908
527502
367169
521635
523225
400709
55225
55336
55186
612813
686759
73616
560292
553168
71488
400995
59720
60515
61393
63275
63294
63236
63303
414907
57738
57323
59124
330671
221167
194927
192748
185117
405222
401129
319292
695859
195388
386978
684504
639552
639553
181419
171036
425563
418766
187728
480722
623412
575677
372219
479573
40136
40564
24972
577572
615258
192606
54827
54387
54386
54384
377320
41006
41002
31588
48706
47188
46924
47179
260760
49132
11707
14601
16767
17586
7292
7140
19095
19516
44832
44976
669428
4093
474341
86764
86763
87405
85237
277149
274213
411450
592394
102261
102204
102331
102198
102203
102252
102317
102336
102200
102259
102813
102866
39887
35238
85732
476095
520856
185137
93083
93982
57792
584700
616514
93313
241295
36262
99237
99233
95815
96183
499711
669396
560293
668833
192749
692107
454693
251628
414394
317674
338991
570444
170388
646880
111021
111029
111034
111078
111086
111092
111089
107126
574278
380064
584862
368390
108768
145085
145545
145523
145539
145552
145522
145576
145556
145535
141835
142005
142002
142006
143953
469421
322975
50930
221165
116222
118394
111013
118982
646882
382900
535901
135410
42970
121550
122090
121549
122192
518493
518492
53472
134036
134023
133672
636073
114438
115089
654553
632682
338030
147930
147936
147940
147950
148470
146855
146853
146714
146703
146865
146276
146702
146871
146705
146712
146273
346567
245790
124425
123443
123655
692779
344429
130394
404153
614032
592715
593647
126008
126053
213242
13652
138348
140158
140411
106846
438135
404349
507106
122088
434419
128064
207374
109117
111633
690594
474342
169965
112267
112276
150184
150185
150183
166208
165907
121795
164779
164714
164778
479335
163565
163566
163579
163509
163523
163549
163553
163539
163524
178133
163589
163564
163563
563892
163697
164214
164175
164180
16364
53373
680565
567232
547903
473850
149781
149788
676043
434787
377323
435716
437107
160596
177958
155280
155233
155236
155116
155270
155287
155361
155288
155243
155248
155226
155117
155098
648079
405221
100278
244697
181132
593852
155721
155653
475376
153551
154927
158608
158656
348998
157469
362499
220373
126521
567660
559242
479800
100038
79276
100463
79277
154419
162232
162226
162233
114594
162231
160416
392007
377331
630479
334526
124288
93102
49809
94844
470925
651525
244766
449275
187838
450884
572931
29591
29590
37610
516560
74868
516561
563887
395139
34662
395136
439339
19264
241420
237280
257849
327780
338036
623735
654569
649227
649007
474967
484234
500746
449278
449292
449293
620958
209320
634168
634169
634170
237776
559919
237775
348822
191878
191877
541421
328631
638924
342781
449277
195653
511259
511546
509663
509660
509662
446972
392406
681830
654008
654007
336551
275368
468548
182522
466648
437040
435434
435433
559912
559922
561212
611245
544227
544225
544224
544220
544226
689801
660413
267146
267145
189868
195111
438256
621168
440160
418085
412092
613639
626921
262647
567460
363110
438857
578434
327621
338297
546905
546394
453275
370870
389978
371481
551120
489513
350454
269084
264501
347810
561816
484226
482920
341377
570686
570688
570687
377483
438352
438458
438271
438337
568338
263629
421954
525218
458363
326637
363109
363108
540175
169569
332984
352555
474789
169148
251555
259304
241445
365932
426232
406825
663658
212103
370871
27869
27810
27812
438650
36382
36240
36381
36383
369
31943
31143
11697
9235
381718
184323
389981
359177
509851
8063
8110
71162
376187
69868
64339
436907
75780
500009
330525
534489
534694
398110
554061
627060
391484
399546
58411
58236
73574
73575
73241
77906
60517
59726
61314
63344
63233
529224
57739
58129
56371
59123
56502
60708
60715
60706
60716
60711
60707
60717
60713
60709
60712
60661
339413
670472
169101
169103
330669
340447
250931
182685
234933
169091
368216
325488
584394
353170
487159
352817
555069
169092
341961
369433
320471
625461
222884
174877
40134
40135
40137
39835
320472
53779
42965
464897
556789
354159
53422
52299
52402
51727
49808
15541
15683
15651
16633
16835
18043
18052
17533
435054
21892
20283
19824
19590
338042
187559
200274
44110
350676
57110
83502
83683
83686
78501
78363
78364
78366
78375
78365
87274
511852
104868
104939
105027
413728
641686
103292
102311
102249
102248
102258
102335
102861
102814
91373
91376
90061
78920
627856
238743
377107
15337
92889
95073
95070
17654
671250
667592
98733
97995
449276
27401
95373
60714
96966
690596
320470
100388
412077
80369
264824
392969
365028
578431
84240
651908
82831
39900
42172
107216
108168
15653
108764
146060
145521
145525
142628
143264
129475
489398
115511
118743
137750
136986
500143
120807
514251
272169
449579
686635
117667
113972
116781
625460
482693
147927
146359
392008
125170
611606
124182
130565
7986
609331
115412
202880
404348
479506
106482
106079
615552
106954
29544
325540
127854
553062
481964
330674
111261
150297
150186
624295
451263
82316
164790
163497
164038
163696
480751
457318
686682
168558
326869
167837
167672
695621
578433
578432
325509
560514
155123
155231
155097
155263
155269
155130
155292
155225
155196
529967
156972
156166
156173
156475
156163
156164
156174
156165
156171
156172
529714
156041
155033
157649
157511
157675
327554
634794
82723
65381
269570
162234
162228
86974
28807
100262
19315
29629
78321
515825
636201
259248
241368
237777
239899
274658
323828
346385
319975
338038
506934
464466
433933
387925
170470
651258
366429
460369
443913
449291
449330
613588
180057
178727
174276
205602
366405
492173
664812
366415
366409
592953
179347
207875
366516
352778
338040
179350
414253
425596
514911
608821
366431
274657
412096
386982
386979
438216
398100
540151
324780
634554
646270
646884
403322
396277
243793
440159
200432
172649
507409
509050
383189
384971
634888
515247
397238
679099
679100
510226
347563
347564
493550
505599
534219
435439
541277
475081
445631
476057
578507
595729
613026
641224
632282
658867
661776
448360
431323
442641
437462
422493
620564
417607
436566
616100
614219
570919
537964
444262
425105
424960
426025
632349
627509
546728
454776
542732
542704
366410
257441
654425
548460
474122
474124
332419
273694
273142
565735
365644
244716
506730
386983
509053
353570
353571
361486
269246
271239
265223
347551
347982
560988
485326
486252
560288
342907
588367
480716
482271
215293
506525
575327
572192
371940
376198
269333
488379
438655
486182
438012
438003
406827
438031
569369
561831
509106
530009
215753
263628
535878
570921
461065
525214
525221
500298
258338
398790
416123
353970
353969
472793
472794
641340
332206
332376
259095
259098
259096
405295
368790
479740
520072
244212
188862
188861
188860
188858
188859
445791
406826
192746
513475
696345
274167
256193
325446
333313
325447
269001
243353
220335
402960
464653
486905
351237
186330
685372
614944
504985
259099
269002
407502
457131
131
29934
30204
30206
30949
30205
30659
30304
29758
28408
28291
29760
28407
36320
36047
36053
35237
35542
35615
34576
34707
34353
34581
34583
33119
33311
31944
32537
31945
31140
31827
31141
31139
31144
11699
13657
11674
13737
612323
9225
9226
9227
9681
4659
677585
37569
37740
38011
36758
381451
168808
395557
244213
366425
322447
608820
523388
537810
379608
472850
469993
319498
248094
542702
509105
673334
661267
329179
8670
8671
8672
7383
8096
243611
435066
71048
71054
71047
71050
71049
68489
68488
679101
69304
197445
64371
64468
64373
646885
65291
339440
315888
75530
75631
75630
75632
74463
74409
563745
529008
584861
588487
534431
581180
587340
524688
594445
401578
400178
370155
370154
58179
58403
55387
7387
525152
72226
77749
77902
76436
76439
77010
59727
62461
61653
62861
62892
63053
56135
56134
59148
59491
237918
169104
696344
339794
383921
369898
369897
369896
182362
383924
234959
196630
470371
511758
398431
403022
462125
440718
232439
274185
366417
506933
553998
351138
641226
591700
343434
351240
639556
614292
517542
232440
273676
407522
437693
211563
242084
39975
40166
39610
39617
461408
338033
389409
55017
55021
54389
54385
54180
54535
454483
42369
42543
42285
42119
41981
53468
53376
53394
52300
51725
38543
47918
51087
51199
51200
51029
15652
15895
9871
9872
9869
9868
9870
17076
16626
18330
18039
423398
667578
403105
7059
20529
19999
20388
20570
19086
18669
509350
34217
44281
22691
393328
516649
56936
78542
78444
78368
78371
78370
87526
327659
316666
519996
82297
82305
82500
79943
103345
102202
102196
102205
102319
102328
102911
100883
31041
91443
90088
85975
535875
438019
697492
542455
92020
94241
95071
480721
204348
97160
500286
95818
95939
95695
95291
95292
95552
95095
532087
96967
67878
196123
101506
100412
100302
685108
99449
99448
80707
80315
80709
80708
89084
89085
464465
634313
490613
39224
42286
42124
89676
623600
84679
366403
84245
110824
110825
111005
110600
107654
107638
107606
222026
107226
582202
108811
110691
19031
145126
145274
145273
141782
115416
115417
116099
118738
118742
119173
348012
407499
82368
137877
137879
170602
135135
674237
578082
641026
59488
121926
121961
121552
122588
122756
553274
679358
338348
134950
350687
169035
133085
132125
50587
56370
114440
113973
201736
117078
117079
116491
443086
654264
127605
146347
338037
125253
182492
124779
124708
123339
511755
124010
94309
14857
547087
259097
244768
329675
201196
130966
463262
127171
127012
126596
126598
126593
126580
407524
126158
65410
2441
244769
139950
514828
2588
106583
106587
106585
106588
106586
106584
414613
105173
105395
639075
654430
403669
29546
241978
689804
514558
386976
127508
127309
127301
338041
111394
693511
75245
58240
346407
537304
559244
518585
164877
129655
537312
156597
361923
614293
407510
163689
164055
485402
431904
511751
149911
149909
556790
591161
515434
80379
28239
23153
385876
351234
187744
168698
116385
168699
235234
376709
474350
244310
167235
561502
155203
155220
594339
617585
615083
392218
654645
395643
36757
156177
156555
250543
155906
430587
683938
439483
630036
407498
157474
157562
352223
145262
595913
542738
7133
162662
162333
162648
162676
626988
365714
482568
161981
63601
61498
18074
34301
244598
437182
395137
690181
376775
539753
338020
439340
70224
69476
399749
76575
76557
77000
184629
679102
322596
52075
17546
92022
655757
469613
167464
423007
173993
44831
41372
591656
407072
211683
652688
683933
671401
640128
241346
254070
237796
272147
353809
327834
521634
522201
528412
528413
528414
528415
528409
394025
409291
407492
615084
618485
179348
181130
201949
327782
170594
223354
249488
615086
409294
332136
592961
234334
474957
170954
608824
221848
368266
554662
556029
556025
556024
262506
197544
476254
235176
516225
615085
467864
321446
672693
424241
423320
395205
396504
397437
396503
440522
440719
418247
452745
630061
651285
322891
583755
515246
388317
252803
423646
518804
508973
470501
462784
578513
626733
541870
541872
541539
667439
648274
667582
667787
686604
386410
444886
617134
527783
532737
532729
615080
614132
416234
537619
536318
632001
628053
399876
241974
470765
610336
567917
316663
260891
542735
542733
542736
192416
546025
615081
261112
456933
173977
455862
587446
245644
591895
591911
591881
591899
591927
553267
562202
674315
184636
360627
360628
649013
264860
486972
483102
344684
327836
344246
592957
554661
572295
463087
386065
516913
369649
343456
419317
627156
269399
514786
611120
476182
177477
632002
460396
416139
178360
522894
473950
464652
464657
470500
350747
622736
399372
528686
482940
393873
350800
168895
168900
168899
168896
168901
168894
512304
274339
681378
329060
329059
223687
173976
170796
171004
257732
659224
659221
664811
192514
369435
382917
186334
186999
535013
326359
516007
29762
27334
27926
28287
234358
212459
36152
36273
35616
35545
35053
34215
33790
33481
31947
32745
32588
31276
13791
9106
39375
212824
37911
38301
37207
36602
475075
169833
542737
659611
563132
197330
483546
477841
655708
439438
686482
7382
409292
351271
239113
262895
69583
69824
68153
475078
65610
65746
65742
65744
65741
65743
64326
76105
76104
75223
72230
74836
516298
516292
587441
518592
518997
528408
529870
609830
390741
390742
520913
192250
341615
189847
189846
58405
58828
684310
555096
74318
74319
360718
66929
571428
66239
71334
71333
72267
72266
76444
76437
76442
60147
62082
62454
337617
635454
560553
520853
56572
56133
56361
60974
337618
316674
339764
345771
316089
262508
187710
553997
339734
339689
339732
367617
344173
339709
191895
191891
191892
196275
191896
191890
191889
197930
352706
467099
516006
347533
350670
324782
343432
341641
343431
474958
530852
609161
615082
415909
182129
394266
269212
269211
269210
269219
256154
194827
194826
234456
352707
382621
346243
346244
360762
507745
459675
514956
419064
394334
316655
419316
516008
191217
393329
660883
344172
275694
54640
54538
42366
42814
42332
41502
41139
41504
460397
275695
52069
48272
51484
51031
51030
49483
49612
49731
50668
14909
16646
17543
17488
17631
18524
18410
556026
22512
21310
21912
20291
20525
19252
19253
19369
18995
46142
46009
394883
23606
24094
24093
24255
24256
23138
23537
563664
592958
78446
78454
86643
86642
86931
86930
86929
85083
85080
85082
85051
104649
104650
104205
99450
503673
103384
78652
519446
346534
343192
71171
92021
93748
95050
94843
94842
403113
403104
186031
235977
195586
97659
652644
623747
98739
98741
98678
36596
98119
632737
95549
95545
582250
648661
96589
96590
100776
100507
89438
89444
26831
532884
532883
569370
569598
34588
33838
34421
34384
35898
36107
81923
83933
84248
84251
82862
82696
109702
109708
111030
235782
110966
352436
110903
261145
261116
107936
107946
581509
110689
145275
141771
141773
115418
168897
209580
118636
117955
119425
119123
118746
118740
468422
649899
137887
137836
135944
262771
132224
253885
520228
658345
148293
147657
147303
125224
125248
125252
125254
11727
698087
130215
395178
262231
127190
127207
127262
127251
127179
126585
126269
141137
141139
140845
139105
139106
139247
106491
106396
106256
29870
59542
352859
127704
582620
127274
112759
109140
111730
69874
693562
518477
198548
122758
15598
241190
339004
163170
550460
575743
150328
20049
376184
365957
149915
149914
149913
149912
397436
444521
541469
417814
653340
593663
456124
347792
345852
396956
168101
664200
580642
345851
262871
564275
147302
435053
475784
156878
152821
133486
156606
156607
464648
442968
155762
395180
478248
428670
153501
154736
158738
569255
139948
582249
458113
649806
86273
21853
160479
528410
398078
409857
395179
161929
116486
19249
13543
63875
34338
48265
515824
466839
259434
410582
684742
684743
541066
684737
410583
684740
588298
684736
553488
696668
684739
237687
684741
514684
696667
696669
696670
640508
78797
640509
155314
42189
331497
642501
591655
36179
254078
584037
128147
254069
270354
270355
270352
463352
470370
442218
204919
207742
191601
196555
213342
460300
203143
187920
470369
238072
238071
238069
181110
613671
457020
195858
195857
554664
677349
664813
539752
414092
414165
324570
529350
457607
337459
593026
471890
417650
330415
321124
646786
423322
441221
441339
326547
432250
510891
508626
507866
383104
213349
387923
679103
477203
483174
483173
513625
513626
342827
342820
192789
491046
578501
560317
563159
568311
568312
560312
560313
560314
578502
674290
546314
494991
582284
670061
635338
666824
667205
667052
667243
667126
632132
659310
667102
692559
691968
431462
621107
213350
512639
237430
426854
629578
270353
369807
521306
270001
194772
447423
470105
612534
417021
360894
413831
407581
406591
407009
407079
413933
369213
406898
413909
413934
417598
397695
506444
546026
546229
332262
456935
270000
591906
503840
591908
263755
184634
219833
278155
442969
465448
361542
345811
550897
476794
547960
504662
435940
436401
435978
683129
683122
683118
397288
337455
240590
320538
240589
240592
240591
466037
376668
646790
679183
646789
646792
201929
476796
476795
539757
213977
638588
520242
525219
212145
212144
442270
268785
416167
366612
593074
650866
593064
649012
592009
565934
592012
470452
529066
288869
288870
278156
195875
195970
337452
442376
442381
608436
554168
466243
204741
616406
213125
341954
341968
265973
232216
207450
338022
385923
684191
343493
584609
474480
185802
339938
186695
505294
29869
29608
677353
613673
36090
36286
36045
385925
35233
34255
34253
34256
435824
33722
32911
32942
32736
31324
231752
11693
11692
13735
692047
38974
38481
36604
253946
178323
194230
361864
442382
248304
323662
457542
666731
666573
414709
678673
407212
428605
407580
7303
260787
536371
413932
69576
413912
631399
65299
65478
76109
76112
76110
76106
76107
76108
76111
528660
529087
389411
525239
524857
58447
58838
578742
73692
338023
66743
623368
66114
66115
685531
72351
523273
76559
76562
76896
76893
76897
76899
76898
77013
76998
360892
56416
406802
238070
345802
494992
200435
200360
184628
184627
178341
187510
582283
436405
397694
693864
186339
238625
593595
545383
562277
348067
242594
316871
592011
241455
348518
343830
520291
413910
327095
339918
435938
483172
673148
39509
634880
578754
578750
54811
54809
54808
54162
53793
54698
678956
581122
23607
53374
48526
48525
48755
40113
50395
49410
17212
17142
17481
17738
18023
693866
19959
19254
18664
18780
19256
19178
176161
46391
45476
4038
23574
23538
503832
561463
407210
83194
83191
83192
83193
78459
78458
86645
86647
86961
85050
85078
104608
105004
104327
616065
103652
634624
640859
103201
578747
102421
102420
76980
89927
78785
78792
78783
78782
78784
78786
78791
514967
674230
73418
92612
93661
463627
98824
99280
98117
266831
101411
101333
101410
101422
101454
101456
101409
101458
101413
693865
100649
100654
100775
255598
566341
592010
198070
87622
653978
89421
81799
242914
82698
442379
277289
107708
107193
640147
108622
108636
108697
22109
145272
141778
143651
116268
255145
117892
119421
119423
119424
556370
397357
618962
593013
515861
275993
135122
135925
136657
28651
407037
469764
405246
577263
134084
134082
486390
201930
114024
116791
417617
414147
148695
147602
146832
441281
435967
124405
698090
594625
131105
131106
127191
676937
467445
648663
138165
503147
106848
106118
106117
668445
435935
641147
666967
267714
109156
627734
697815
539514
539755
530186
178335
112479
34736
366006
522298
697041
341955
248303
559852
391732
592015
515730
592014
512511
613791
43779
76561
34364
459594
168175
146075
167457
421127
376475
340025
423490
539758
413694
464791
565539
579898
507863
157193
152908
156119
155747
97316
330653
157714
350289
499687
421606
414194
441259
567918
76567
162323
162450
162686
162692
160545
160158
160469
160879
161308
495482
402791
96533
45477
486559
402623
223318
673265
275603
240571
423801
193414
407779
544910
441442
353671
499585
499588
466267
533435
685063
645330
668593
634725
658723
658851
691826
672893
691592
673200
691944
691989
683566
692755
691705
673280
672544
197415
243534
428603
169560
186908
544899
245831
395946
212584
470652
614472
275754
276673
641087
319699
233328
196628
198597
189262
641057
553483
654004
691630
410584
551567
671946
239633
673783
470653
70218
69823
76242
74803
587419
534693
404155
71294
71329
76558
76892
495866
179063
180013
692672
534666
324774
692931
488260
346253
556154
237240
488259
198422
238061
48273
51411
634777
647332
49763
17536
17480
19890
20126
39339
678665
615168
417654
90161
90082
78795
530443
316606
670172
668624
101729
81203
76978
107929
553484
672705
143115
170637
239133
587004
686627
101325
240701
345950
260878
116401
692884
555695
147594
466262
464750
124693
425001
553486
506948
106289
651829
651623
239520
693127
667728
466955
635910
488258
466949
647434
318964
672228
693208
414245
569496
692907
691886
484322
264111
559832
650997
209581
152998
192141
405211
639723
586454
9362
42388
77001
239097
23387
60763
687139
546021
177469
194362
198237
337743
335139
615438
382227
240705
465514
353672
483387
483386
522058
520930
522059
638915
502190
665193
648418
639998
640445
651943
638413
646519
636910
669300
652421
652722
640347
652691
652226
652327
652446
652506
652769
652500
652353
651902
652984
653207
653923
688091
687904
672445
679011
674095
673990
673406
687243
184547
642502
173190
332571
680752
568272
259718
502189
578264
274584
238822
238761
541067
348264
633263
273730
523002
648563
368433
690696
688445
35429
687350
34111
660958
639700
572447
502517
653694
652700
661678
547544
74801
238167
50658
187841
653046
238166
624120
189597
379848
370272
653671
653628
653514
488261
686684
48754
17364
17129
22415
638491
24334
83847
83848
83841
83842
83158
83846
83850
83853
83854
83162
83161
83163
83167
83851
83844
83843
83845
83159
83164
83160
83165
83166
83840
83852
83849
87494
86992
86999
87010
87479
87489
87475
87478
87484
87485
87497
87477
87488
87496
86998
86995
86993
86994
86996
87480
87473
87499
87481
87487
87490
87493
86997
87001
87492
87486
87483
87476
87012
87011
87007
87003
87009
87491
87000
87002
87004
87005
87006
87474
87482
87500
87498
87495
87008
587006
571647
102085
333150
275677
342326
345932
652911
89052
89048
89043
89053
89049
88747
88755
88757
89038
88756
88761
89037
89042
88754
88746
88750
89035
89046
89050
88748
88751
89047
89044
88762
88758
88749
89039
89045
89051
88745
89036
89041
89040
88764
88752
88763
88760
88753
88759
88179
88192
88193
88196
88176
88173
88175
88182
88187
88190
88191
88194
88186
88197
88200
88201
88206
88208
88205
88209
88203
88171
88198
88178
88204
88181
88185
88180
88183
88188
88189
88177
88199
88207
88195
88202
88170
88184
88174
88172
83857
83858
83856
83855
82934
82938
82939
82950
82935
82942
82949
82960
83015
83083
83084
82940
82943
83073
83010
83012
83014
83026
82946
82951
82955
82962
82968
83019
83023
83076
82954
83022
83024
82956
83011
83025
83027
83079
83080
83077
83028
83021
190653
82936
82937
82944
82967
82969
82970
82973
83074
83087
83092
82952
83078
83091
83082
83090
82972
83017
83016
83013
82957
82959
82961
82963
82971
83081
83085
83086
83088
82947
83089
83075
83020
83029
83018
82965
82966
82958
82964
82941
82945
82948
238759
320765
543930
43153
329682
671860
125118
139110
355344
106736
324668
113161
588534
693518
640584
640068
587003
504686
218751
639974
653036
139008
646545
349676
640305
646488
41306
162324
182872
645980
501592
501590
685130
653303
212672
192511
402535
402369
367981
415396
245700
323827
440715
244142
333839
411932
512105
667248
529621
453096
415437
496169
560946
560898
560902
560905
560903
560899
560900
560904
523331
523333
523337
523336
523329
521609
521657
521891
522109
523332
523154
277188
345845
477644
415448
483632
394402
351898
391519
322002
541065
633265
239972
567898
211084
211085
36306
507001
343425
624590
521836
655714
277740
523334
523338
660961
523330
607917
392184
689531
534277
618336
178627
194791
415667
649631
654077
244058
489339
483389
188816
674714
335190
19782
687126
483388
344469
523148
612801
326656
268601
326754
273162
94018
610477
609453
318612
415442
519125
635818
591366
609762
371776
211083
570520
692860
646710
647499
535568
653955
447567
167554
411991
411577
360616
268571
651220
158754
660955
646934
588474
662795
640459
625754
623673
614034
617455
617297
617464
617570
617581
617961
591323
625334
657350
260445
633986
572616
574115
502448
624676
621780
612720
341777
616767
496240
588490
545407
543674
596889
639120
667244
611440
572323
204908
204899
433618
410784
638661
646543
260691
625806
619555
628544
619718
625670
449725
411182
624711
591423
607052
459587
562108
529613
395389
394745
394641
401935
547981
632722
656165
617584
179042
679344
622072
685700
625180
686560
686981
686832
621235
632455
624699
612721
693451
534283
353312
631813
680362
686794
671495
433593
625668
624369
610641
204823
102162
102157
102158
102164
102161
102163
586630
671265
673156
496883
401001
410960
433894
624752
646516
668041
697848
697850
677327
686614
139321
614134
617300
444444
361529
585479
586849
615340
615545
614176
625002
560949
346967
640771
654733
638404
610678
543781
