405561
262244
655510
198452
590086
618970
376533
551318
94723
544539
81186
531016
433876
433879
665884
665174
324573
219458
219534
690381
677795
677755
677647
677800
139337
197232
408266
646830
656998
81185
59818
136287
173848
627078
627050
627048
548173
339332
219216
219417
331999
620939
415888
593286
627033
627039
627046
422265
376829
187243
147512
147794
167684
138158
145777
147777
147599
376965
156045
146914
156414
142335
135193
146436
211057
211151
144153
466949
146993
157280
37873
463552
381162
92654
188288
16994
16995
69515
376443
406819
450636
276294
438881
429965
238038
653425
165288
82431
575245
567105
454369
71699
162621
414112
81797
81792
403051
403050
648636
423800
321962
65247
167105
78247
78246
98222
242594
81793
81798
81796
81794
81795
81790
167069
341382
328707
