366197
68724
366196
566037
655900
519661
392084
532880
250258
250260
543528
461919
258056
258055
366378
650501
650500
650502
650504
650507
338407
678908
333288
540143
18810
9886
445526
607292
329891
460411
399879
566040
566038
71187
84709
499222
84693
492221
323793
654806
595892
654804
542213
460400
460399
400867
594251
135860
445551
445550
223554
481895
70270
368080
554366
648559
419689
461860
367124
66261
497983
380209
114618
391758
461246
551435
340247
462008
461237
461236
654807
419652
658042
574311
370800
445828
654808
191608
