669832
571475
693933
315908
574676
514468
631772
652633
269047
195517
46938
534471
571477
570987
353199
179346
635338
407650
368781
456075
582534
569157
569154
569155
569180
584163
584016
584156
584522
584523
584653
584161
588458
584505
583843
588451
583374
584518
584540
584757
584519
584669
588524
588462
588461
584660
588525
588434
588515
584657
584538
584742
584662
584525
584511
584508
584153
584149
584028
583413
583403
583033
583028
588456
588439
588423
584023
584509
583369
583849
584013
584022
584027
584148
584151
584155
584154
584158
584157
584526
584524
584520
584529
584528
584533
584532
584543
584658
584655
584663
584659
584745
584747
584159
584531
584536
588425
588445
588513
588514
582979
584017
584026
584150
584160
584506
584514
584534
584654
584671
584743
584744
588442
588441
588440
582977
582983
583035
583405
583404
583414
583415
582978
583039
582976
583844
583841
584025
584152
584507
584513
584521
584541
584670
584741
584746
515416
569156
588529
588531
588528
588533
588527
588532
353198
569159
569143
584656
467224
588520
239909
575899
568704
569132
654940
569153
584668
317314
569181
568220
262346
324590
399244
584665
525122
687252
584672
59467
433945
433943
345508
176020
201502
496397
571093
120649
237163
276068
151879
395609
442080
185508
195318
49225
584590
