400831
398980
400331
65288
351608
92038
92039
59467
345648
70092
70095
83933
579286
34197
178814
58240
523436
523437
492178
678349
575497
595486
653589
696343
110613
434059
432716
130459
130458
263773
155766
422583
571208
554439
320173
476245
244707
346561
75009
184214
423711
697362
380021
423919
268962
268959
268961
268953
268957
56648
483583
431375
342193
524918
135504
134950
161980
184206
523438
523439
198423
567917
169562
20527
134944
639888
639896
577294
616610
414407
177654
177653
192567
402775
164714
578500
377322
175894
315908
177608
278213
427877
196628
585480
156609
156608
639886
639882
414412
414408
577287
577288
574670
377316
423916
571094
625311
530746
530745
546197
166744
397365
331444
693184
316741
698087
570994
571207
453851
574397
397949
223800
196586
529573
399865
376479
582284
582283
395609
676641
346536
128856
121968
121967
169077
417675
401143
626711
585282
28293
615011
350494
661315
269047
17034
17028
17037
17035
402826
484490
245393
198237
638846
376831
377132
640694
377228
384239
377143
466957
619307
377539
583855
643410
643409
176109
592625
315910
272164
575282
211725
211729
211726
211727
211728
155582
659746
268964
168088
592628
592624
237163
536619
687353
377761
523343
535982
244764
244717
215176
592630
333938
586147
592622
415213
638937
135471
352859
639898
646396
169914
380749
414410
414406
414399
414405
182638
670520
519404
126948
668656
674083
668655
251481
576367
249726
353518
523341
463767
607266
555305
573657
529443
166383
398670
398673
568815
474344
408436
332727
468350
207689
320302
436466
543141
353968
631556
619554
194497
194498
329992
213372
182639
54387
54388
54386
54384
194499
560293
100421
320145
162083
440556
440557
199275
270839
270840
619548
487753
41316
74298
74296
74297
509087
244476
55117
326397
487751
545397
611909
244021
81791
81795
169560
440449
578507
238878
342381
530472
628665
525222
353969
240735
402960
509102
70190
75530
55692
62930
339753
509092
509095
509094
509100
509096
509089
509093
509090
509101
509091
628664
440558
54389
54385
18607
517859
586438
442080
430587
125253
59723
340450
539744
121961
441092
513449
513450
513451
513452
513453
198369
198371
158577
578505
207369
337143
38301
417532
271673
67031
339752
339751
180749
655772
437465
440725
382621
561291
195318
18963
18964
482687
169576
534471
351609
456123
418702
534283
34111
427400
321124
440912
515328
562247
640153
241992
635338
191722
449411
562248
535595
479285
377765
377226
640152
525219
469279
38300
207370
653160
74268
265172
234644
234641
234645
348067
39672
39673
54698
17352
17546
19881
20523
19254
19178
78459
78458
101422
435684
108697
135835
102129
18609
467017
20573
240339
546361
395945
345143
345147
345148
345150
345152
345141
345142
345149
669362
543783
240342
360922
669357
538261
346315
536932
639110
584590
434357
433618
564004
547981
437405
433593
434310
624424
244598
243050
243438
252788
252787
258213
234893
233346
323828
352839
320095
319965
320094
337140
532110
533916
402693
394025
436174
169620
162084
160873
680397
639904
639905
639906
639912
639913
640248
639908
659745
662917
580066
407738
592627
594054
173120
198288
246233
238298
381723
533915
198073
407740
237377
535601
208725
262037
400410
366324
197745
639802
639801
621039
621034
621033
621035
621037
621038
621041
621032
621040
202250
244508
438977
361917
376811
242152
256855
201564
649160
669406
613265
177605
278211
245700
288944
244097
471064
469492
330652
323259
321446
319371
320169
320790
320802
320875
321441
644886
646680
640057
417662
417661
440521
478082
184448
191169
193481
432250
580963
474902
577645
576082
577366
161933
651285
461031
421587
392603
394829
398003
398002
396333
398279
240534
679077
653106
321895
321894
352562
252803
260755
255820
595005
396481
536622
529425
522058
534057
536620
182522
192789
182523
543786
425376
489790
578503
568488
568802
690697
690699
627633
504990
583701
553033
582406
612852
612853
661283
661282
660461
654940
690510
645963
686375
646643
686562
660290
682495
689552
318322
415842
398663
192153
442637
621031
621495
417527
437001
437002
437062
436998
437004
614050
539793
416864
415761
537676
570919
537619
537953
631772
625410
626180
530073
366952
568699
326966
546179
436393
197746
678306
428852
503206
202251
547470
547471
475261
419150
165486
335049
275634
567944
646581
646580
322869
667867
533019
541806
541800
645964
645962
361790
493059
645965
565398
565099
353080
352783
351401
351948
347810
679197
476146
556004
557205
344729
344684
366663
454661
547924
339186
575386
570197
570915
372554
372553
372555
470079
585086
320691
320692
202495
202496
347875
263673
347874
244683
424081
434944
530008
530009
584404
466948
569157
568703
569143
569159
514468
568701
466951
466956
569154
569155
569180
669407
669405
578264
678309
678307
678308
607193
607197
578262
564846
607194
570921
570918
607195
584163
584016
584156
584522
584523
584544
584653
584666
584661
588463
588424
588430
584161
588458
584505
582982
583843
584015
588451
583374
584024
584518
584540
584757
584656
584519
584669
588524
588516
588462
588461
588459
584660
588525
588434
588515
588512
584664
584749
584657
584538
584758
584742
584662
584539
584530
584525
584517
584511
584508
584153
584149
584028
584020
583848
583413
583408
583409
583406
583403
583033
583028
588456
588446
588439
588429
588428
588423
584023
584509
588432
588431
588437
588435
588455
588453
582981
583375
583369
583368
583850
583849
584011
584013
584019
584022
584027
584146
584148
584147
584151
584155
584154
584158
584157
584516
584526
584524
584520
584529
584528
584533
584532
584543
584537
584658
584655
584663
584659
584745
584747
584748
584750
584159
584144
584531
584535
584536
584515
583034
588427
588425
588445
588450
588460
588513
588514
582979
583367
584021
584017
584026
584145
584150
584160
584506
584514
584527
584534
584654
584671
584743
584744
588442
588441
588440
588444
588452
588523
588518
582977
582983
583041
583040
583038
583035
583405
583404
583414
583415
580874
583372
582978
582724
582980
583039
582976
583371
583366
583373
583407
583844
583845
583841
584025
584152
584162
584507
584510
584512
584513
584521
584541
584670
584741
584746
588511
588522
465261
465321
465618
466993
641977
333225
333224
325080
325079
244720
241124
241130
353970
454663
421728
490623
567527
520599
458363
503429
395389
394745
394641
668688
625081
625109
625090
529066
275664
689085
315911
315909
414396
368790
338120
414397
414409
414413
209448
209452
479815
479829
479828
619311
619550
619553
619546
619547
619545
608246
233196
245992
392594
686452
539790
641068
434628
530978
696185
669404
646785
319729
333313
317469
329989
264578
262906
243042
251557
260791
211070
207450
215171
274498
176028
696182
696181
266644
398019
562280
321117
332722
647711
210540
569132
437019
588520
180661
347704
368396
569153
397362
544342
544343
403373
471065
327276
417536
389641
370871
321165
486437
401856
195827
221159
31972
32588
31832
348570
223095
12644
676642
519272
582251
38974
38112
37757
38304
38305
38306
37904
38303
38111
37770
38110
413324
584665
673245
463204
615001
531713
492218
265539
518312
569181
533841
234878
679013
543957
248304
239909
568704
584668
621273
197330
351181
320697
244177
506363
276603
469993
262951
414709
573984
569152
462620
584755
462621
7447
7382
262650
260787
395942
399244
70308
446075
64120
64414
64413
64121
63966
63967
63698
63699
63700
63701
63702
63703
63697
678305
74904
74903
74905
74901
74900
517497
585318
586995
591063
587155
518404
587154
360365
528539
527810
527812
529134
634551
456075
422584
520942
521060
607192
399546
193879
328851
341613
170565
58591
55225
401977
74299
7387
560292
30618
645952
574020
645955
645953
645954
574019
665242
529662
516295
336602
320290
520707
268590
262419
469277
414907
246242
57802
56626
59185
60932
60931
60929
574018
345139
213303
397363
212832
447564
324353
319735
319736
380728
254787
212811
182640
157808
685265
352706
467099
414392
569156
266643
685719
341641
571355
571350
545396
545398
524288
530836
473596
408106
520600
352355
474901
436066
380727
332721
467224
638938
269221
351138
351273
569320
642761
530201
570916
634746
366722
445332
573839
571351
588529
588531
588528
588533
588526
588530
588527
588532
413330
319030
261829
516157
329987
353273
320676
169234
39830
591154
545399
476887
578433
593637
387092
329988
41188
41187
586206
401155
454662
19084
401155
454662
19084
48397
41185
688853
260760
690698
51023
51022
17347
17348
17586
377232
530299
21892
21891
22383
20572
20571
20579
20576
20526
20529
20029
20570
20063
20064
20028
19252
19664
19085
19253
18672
18671
18676
18670
18675
18667
18679
18611
440926
363202
346533
528265
215179
3370
26251
26252
646678
184196
688465
688466
83270
685729
528940
440555
417654
99193
332720
18674
78810
507358
407660
697090
518677
543958
95050
434080
660626
688994
459793
93571
519402
639358
516927
320113
27401
20574
85017
567918
669408
39829
528060
100507
100388
669400
459792
80777
639717
546525
653097
459787
325294
81796
81798
81923
641475
569158
584667
546934
107523
583803
619095
546523
530920
410264
353073
41183
653983
371872
587787
52604
244061
184195
250685
320689
250651
118982
430586
697909
648470
380769
192151
182104
320519
182102
422582
442640
52741
393389
516926
221164
637083
489789
115210
320730
39832
147636
275303
147264
417770
530477
553728
568220
567502
235811
566112
653096
401952
440604
342369
172099
131048
646456
528941
521116
412345
434343
412942
407656
163688
459788
195317
138285
252801
192152
180235
692881
697762
106244
410434
437018
475696
697763
435710
462889
679196
631906
639459
484371
474114
494558
587911
592110
387059
519417
440809
109440
109441
111490
398600
529631
654981
570154
242151
396809
149274
148872
148878
148877
272417
344730
148871
148879
148870
697761
639587
522298
466838
594779
466953
537200
376475
378209
53380
20575
60057
584672
466955
536930
586171
467022
467023
467021
467024
175020
182426
198278
272168
319962
254734
215172
162327
433944
130460
673246
158754
433943
243474
58285
641067
641226
433942
244198
433945
197329
528454
112336
365980
625671
578495
60968
50515
50517
50518
50519
50516
50514
50520
176020
528334
669832
56757
593013
162324
506129
585202
264476
189156
386961
536338
43791
495462
414986
60146
54742
563309
502907
558956
456821
265154
249729
378101
499520
100494
173957
138162
169561
89727
593153
577283
619306
494967
479874
62021
221274
55159
616612
328136
571078
571098
48166
126601
191275
442870
574431
550849
616600
571097
574105
75179
342615
454841
48165
240549
201500
568808
405304
327103
568804
288923
464892
158573
158574
654041
243573
628824
462027
269081
346430
575265
377319
407995
237328
195093
401129
479573
39977
53604
507156
47179
179028
102046
264506
100122
610538
693457
57170
370976
377323
180027
217419
623758
363110
478664
664413
501924
363109
363108
685311
547897
608835
158572
612796
155225
564848
501925
352013
417635
502204
183660
658076
478455
487184
674082
673290
670161
669198
669607
670162
670160
669220
669202
669605
671339
671337
669203
669608
670157
670158
670325
640660
648795
671340
669200
674078
674077
670327
639818
550848
577284
567943
575368
571091
572696
355743
576945
398607
361168
352125
267266
248290
574092
676675
645646
674657
670159
671338
667344
640689
669227
405348
621322
188288
257441
663698
663699
663697
461832
318924
426570
584165
77511
60894
507844
507842
507840
507845
507837
507838
507834
507841
507839
507843
185508
437693
692838
21308
19498
26264
94382
653741
254377
79777
644989
427366
144457
73305
75833
50587
117078
117079
117077
388468
14314
574107
28239
524068
638705
568809
653358
272366
476184
400199
476254
397437
583755
396608
476183
476252
558955
690327
474791
167207
587181
632006
211525
648430
32587
13791
70957
20049
360718
584219
72233
161922
40114
18599
20204
19663
137017
135834
136408
76581
147307
126283
697217
127352
111730
571352
177563
533947
18905
505234
187473
336473
495068
240587
156665
488945
240590
240589
240592
240591
378207
377227
667197
240577
240579
667700
584262
435372
696107
584222
241993
57614
570156
615489
54745
47710
49225
684408
6728
101411
101410
101409
101413
118132
397357
577263
486390
528578
106735
240588
151241
499598
669224
234732
179934
323260
194370
425378
425377
184563
684742
231284
684743
684737
684740
684736
696668
56546
184198
684739
696108
684741
696667
696669
696670
233276
101421
425368
425372
570123
646558
250752
611987
174095
316897
56545
189597
157370
45487
638916
106736
198545
188066
250522
348991
433734
614363
658353
656090
641752
648073
633986
640967
608770
652428
667237
466842
466321
641167
658498
623011
588286
648207
625588
623016
437364
641498
639631
680405
622924
683619
671650
635129
639744
644873
679749
640021
667498
647567
625587
547438
672239
671165
52863
47349
670830
433894
608439
695637
243756
660460
672452
610481
679189
631990
649113
639510
656525
696378
649193
664310
679024
650318
