548355
96159
516588
505826
505823
262002
274854
516589
274853
274855
516587
516586
340241
71080
139000
71089
71087
71086
595069
71079
71082
71088
444114
179725
542422
493773
608045
608046
444113
655743
45383
386248
345073
386249
26344
415199
655888
608042
362909
386250
386267
400805
608049
147019
135847
135848
215967
328753
382953
566206
655887
466204
540145
258043
258044
328764
211187
345075
248235
608037
449324
449331
449325
449329
236321
39533
696453
449332
449334
449335
236324
236327
254301
254299
254302
254296
254298
254303
254300
508737
482672
387700
555300
39532
678782
382950
50415
50416
565221
50414
594191
531444
7147
216492
212849
212845
250062
250057
250063
353525
353526
353531
353532
400798
461730
461729
211678
211679
211675
211676
532819
118725
118723
14110
688712
42937
461239
118714
184895
146244
250342
250340
250327
250326
250336
250339
250330
250343
250338
250331
250322
5632
