659456
659455
548355
96159
516588
505826
505823
262002
492080
274854
516589
274853
274855
516587
516599
22962
516586
516606
340241
71080
139000
71089
71087
71086
595069
71079
71082
71088
444114
322475
179725
542422
493773
608045
608046
444113
655743
45383
386179
386248
238521
345073
386249
26344
415199
655888
414833
608042
362909
386250
386277
386261
386267
400805
608049
147019
88657
233055
386260
386264
386273
69187
135847
135848
215967
328753
382953
566206
655887
466204
540145
69163
258043
258044
15532
328764
474684
211187
386286
345075
523270
248235
608037
54904
449324
449331
449325
449329
236321
583431
39533
220507
696453
449332
449334
449335
418483
236324
236322
236325
236326
236327
236323
254301
254299
254302
254296
254298
254303
254300
450856
450855
508737
637611
482672
387700
555300
39532
678782
382950
382954
382962
383115
50415
50416
187865
691884
565221
50414
653064
405397
66281
84971
594191
531444
201728
66070
7147
7144
216492
537999
174005
366964
212849
212845
162009
235823
250062
250057
250063
337542
417983
453393
353525
353526
353531
353532
346955
419676
90914
400798
461730
461729
211678
211679
211675
211676
45370
218450
532819
118725
118726
14113
14115
118723
14110
187377
410237
688712
212967
42937
461239
118714
455761
77743
77740
118724
120778
77739
520
519
184895
386208
609930
15954
46510
179212
336947
146244
320450
516360
447586
77742
79110
79111
79108
528552
77741
320451
697491
697896
484625
484626
484648
484649
527
250342
250340
250327
250326
250336
250339
250330
250343
250338
250331
250322
617390
484643
484644
5632
19007
484645
484640
536791
466006
466007
528417
