57795 0.360 2.760 0.000
57795 2.800 4.392 0.204
691475 0.280 1.520 0.380
691475 6.240 7.680 0.280
691475 11.760 13.160 0.300
691475 17.520 18.720 0.400
691475 25.360 26.520 0.420
691475 39.840 40.680 0.580
691475 47.240 48.440 0.400
691475 55.920 57.200 0.360
691475 59.080 60.240 0.420
691475 65.040 65.880 0.580
691475 72.840 73.920 0.460
691475 82.040 83.480 0.280
136297 2.360 2.880 0.740
136297 4.640 5.360 0.640
136297 5.360 6.320 0.520
136297 6.400 7.080 0.660
136297 7.960 8.720 0.620
136297 8.840 9.400 0.720
136297 12.280 12.800 0.740
136297 15.320 15.920 0.700
136297 16.800 17.400 0.700
136297 17.280 18.000 0.640
136297 18.200 18.720 0.740
136297 19.320 19.840 0.740
136297 20.720 21.320 0.700
136297 21.240 21.840 0.700
136297 22.760 23.520 0.620
136297 25.600 26.400 0.600
136297 29.120 29.840 0.640
136297 31.160 31.680 0.740
136297 36.440 37.000 0.720
136297 37.040 37.560 0.740
136297 39.240 39.880 0.680
136297 44.840 45.400 0.720
136297 46.920 47.440 0.740
136297 47.760 48.400 0.680
136297 50.160 50.800 0.680
136297 69.120 69.800 0.660
136297 69.760 70.280 0.740
136297 75.040 75.560 0.740
136297 76.560 77.080 0.740
136297 77.800 78.400 0.700
136297 79.440 80.320 0.560
136297 80.280 81.240 0.520
136297 81.440 82.040 0.700
136297 81.880 82.480 0.700
136297 84.840 85.360 0.740
136297 85.880 86.520 0.680
136297 88.640 89.200 0.720
136297 90.480 91.040 0.720
136297 92.120 92.680 0.720
136297 92.560 93.080 0.740
136297 105.640 106.200 0.720
136296 13.480 14.040 0.720
136296 16.200 16.960 0.620
136298 0.800 1.480 0.660
136298 1.400 1.960 0.720
136298 1.800 2.360 0.720
136298 2.600 6.080 0.000
136298 7.640 8.520 0.560
136298 8.440 9.080 0.680
136298 9.520 10.040 0.740
136298 18.880 19.840 0.520
136298 21.240 21.800 0.720
136298 21.680 22.520 0.580
136298 22.440 23.600 0.420
136298 25.200 26.080 0.560
136298 29.360 29.880 0.740
136298 30.240 31.280 0.480
136298 32.480 33.200 0.640
136298 33.240 33.840 0.700
136298 34.240 35.280 0.480
136298 37.320 38.680 0.320
136298 38.920 39.680 0.620
136298 39.560 40.760 0.400
136298 41.760 42.840 0.460
136298 43.560 44.080 0.740
136298 44.040 44.680 0.680
136298 44.520 45.240 0.640
515874 1.400 2.120 0.640
515874 2.160 2.949 0.606
427814 0.000 0.880 0.560
427814 4.760 6.200 0.280
427814 6.800 7.560 0.620
427814 10.880 12.040 0.420
427814 14.000 15.240 0.380
427814 17.640 18.880 0.380
427814 18.920 19.920 0.500
427814 21.040 23.160 0.000
427814 24.760 26.960 0.000
427814 27.040 28.200 0.420
427814 31.400 33.640 0.000
427814 39.800 41.880 0.000
427814 42.800 43.480 0.660
427814 43.480 45.720 0.000
427814 45.960 47.120 0.420
427814 47.840 50.360 0.000
427814 53.640 55.080 0.280
61089 2.040 3.200 0.420
61089 8.120 9.320 0.400
61089 13.880 15.240 0.320
61089 22.480 24.120 0.180
61089 31.960 33.240 0.360
61089 49.560 50.880 0.340
61089 60.360 61.560 0.400
61089 66.080 67.760 0.160
362283 0.080 1.960 0.060
362283 8.960 11.560 0.000
362283 11.560 12.960 0.300
362283 13.000 13.960 0.520
234286 0.320 1.600 0.360
234286 12.840 14.080 0.380
234286 15.440 16.600 0.420
234286 19.680 20.880 0.400
234286 33.960 35.160 0.400
234286 37.320 38.160 0.580
234286 40.520 41.720 0.400
234286 43.520 44.560 0.480
234286 55.000 56.240 0.380
234286 57.480 58.680 0.400
234286 60.720 61.840 0.440
234286 70.720 71.960 0.380
234286 73.160 74.240 0.460
234286 79.080 80.360 0.360
234286 82.800 84.160 0.320
110614 0.160 1.720 0.220
110614 1.560 2.120 0.720
110614 2.120 3.320 0.400
110614 5.240 10.520 0.000
110614 11.040 15.200 0.000
62025 0.480 1.760 0.360
62025 3.560 4.520 0.520
62025 10.800 11.920 0.440
528869 0.000 0.920 0.540
528869 3.160 7.040 0.000
528869 7.040 9.840 0.000
528869 9.920 10.520 0.700
528869 11.080 12.120 0.480
528869 11.960 14.920 0.000
528869 15.520 15.952 0.784
644830 0.240 1.800 0.220
644830 2.360 4.440 0.000
644830 4.920 6.520 0.200
644830 6.960 8.240 0.360
383144 1.200 2.280 0.460
383144 7.120 9.280 0.000
383144 9.680 12.400 0.000
383144 12.600 15.160 0.000
383144 16.760 20.840 0.000
383144 21.680 24.440 0.000
383144 24.280 26.240 0.020
383144 30.440 32.920 0.000
383144 34.320 39.640 0.000
383144 40.040 41.080 0.480
383144 41.920 45.160 0.000
471162 5.080 6.360 0.360
471162 7.920 8.440 0.740
471162 9.440 9.960 0.740
471162 13.400 14.760 0.320
471162 16.000 16.520 0.740
471162 17.240 17.760 0.740
471162 19.000 20.120 0.440
386446 0.240 1.600 0.320
386446 1.560 2.680 0.440
386446 2.520 3.080 0.720
386446 4.640 7.800 0.000
386446 24.760 25.720 0.520
386446 27.120 28.280 0.420
386446 33.360 34.480 0.440
386446 34.760 35.320 0.720
386446 35.720 36.640 0.540
386446 36.480 37.080 0.700
386446 37.000 38.560 0.220
386446 38.680 39.200 0.740
386446 40.400 40.960 0.720
386446 41.480 42.360 0.560
386446 42.440 43.120 0.660
386446 43.520 45.360 0.080
386446 46.520 47.640 0.440
386446 48.520 50.640 0.000
386446 50.600 51.120 0.740
386446 51.080 51.840 0.620
386446 54.080 55.480 0.300
386446 55.480 56.320 0.580
386446 56.160 57.680 0.240
386446 57.880 58.400 0.740
386446 59.080 60.000 0.540
386446 61.600 63.000 0.300
386446 62.840 63.680 0.580
386446 63.520 64.160 0.680
386446 64.320 64.920 0.700
386446 67.840 68.480 0.680
386446 68.520 69.800 0.360
386446 70.720 71.400 0.660
386446 71.280 71.880 0.700
386446 75.840 76.760 0.540
386446 76.600 77.160 0.720
386446 77.440 78.760 0.340
386446 78.640 79.440 0.600
386446 79.560 82.000 0.000
386446 81.880 83.320 0.280
386446 91.280 92.280 0.500
386446 92.120 93.280 0.420
386446 93.360 94.520 0.420
386446 98.640 99.320 0.660
386446 99.640 101.200 0.220
386446 101.560 102.680 0.440
219404 5.960 8.800 0.000
219404 16.200 16.720 0.740
219404 16.640 18.320 0.160
219404 51.160 52.920 0.120
200333 0.080 1.000 0.540
200333 1.160 2.320 0.420
200333 2.920 3.960 0.480
200333 4.640 5.640 0.500
200333 5.880 6.880 0.500
515881 0.000 0.640 0.680
449632 4.240 5.560 0.340
449632 9.320 10.640 0.340
449632 12.520 14.000 0.260
449632 17.360 18.760 0.300
449632 19.280 20.440 0.420
449632 20.960 22.320 0.320
449632 24.600 25.880 0.360
449632 26.600 28.160 0.220
449632 29.680 30.920 0.380
449632 37.560 38.800 0.380
449632 40.440 41.880 0.280
449632 44.680 45.840 0.420
449632 50.240 51.680 0.280
449632 53.000 53.840 0.580
449632 56.440 57.760 0.340
449632 60.880 62.040 0.420
449632 63.040 64.400 0.320
449632 64.920 65.440 0.740
449632 67.960 69.440 0.260
449632 70.960 72.120 0.420
449632 77.040 78.560 0.240
449632 79.600 80.800 0.400
449632 83.120 84.360 0.380
449632 88.800 89.960 0.420
449632 93.680 95.120 0.280
449632 97.120 98.560 0.280
449632 102.640 103.760 0.440
449632 105.000 106.560 0.220
449632 107.280 108.440 0.420
449632 109.960 110.480 0.740
449632 115.280 116.520 0.380
449632 120.080 121.360 0.360
449632 134.760 135.400 0.680
449632 135.720 136.840 0.440
449632 137.280 138.200 0.540
449632 143.720 144.920 0.400
449632 149.080 149.880 0.600
449632 152.040 153.200 0.420
449632 155.280 156.040 0.620
449632 157.360 158.800 0.280
449632 167.840 169.520 0.160
449632 173.040 174.320 0.360
449632 186.840 187.480 0.680
449632 189.640 190.320 0.660
449632 196.560 197.720 0.420
449632 198.200 199.520 0.340
449632 202.400 203.680 0.360
449632 207.400 208.640 0.380
449632 211.000 212.280 0.360
449632 213.240 214.720 0.260
449632 216.720 217.960 0.380
449632 218.000 218.640 0.680
449632 219.920 221.080 0.420
449632 222.000 223.280 0.360
449632 227.320 228.800 0.260
449632 230.600 231.960 0.320
449632 235.400 236.040 0.680
449632 237.960 239.040 0.460
449632 250.440 251.640 0.400
449632 258.000 259.200 0.400
449632 261.960 263.240 0.360
449632 264.680 265.920 0.380
449632 271.760 273.120 0.320
449632 275.960 276.680 0.640
449632 280.200 281.720 0.240
449632 286.000 286.800 0.600
449632 288.080 290.120 0.000
449632 295.120 296.440 0.340
449632 299.640 300.200 0.720
449632 306.000 307.360 0.320
449632 310.480 311.760 0.360
449632 313.920 314.600 0.660
449632 314.840 316.440 0.200
449632 321.880 322.840 0.520
449632 326.960 328.160 0.400
449632 328.880 329.680 0.600
489575 0.280 1.880 0.200
489575 4.200 7.920 0.000
489575 7.800 11.040 0.000
489575 11.040 14.880 0.000
489575 15.640 17.320 0.160
489575 17.320 18.680 0.320
489575 19.160 24.160 0.000
489575 24.200 24.800 0.700
489575 24.840 27.400 0.000
489575 27.520 29.240 0.140
489575 29.360 32.360 0.000
489575 32.280 35.080 0.000
489575 35.080 36.000 0.540
489575 36.040 36.560 0.740
489575 36.400 37.800 0.300
489575 37.680 38.920 0.380
489575 40.120 41.640 0.240
489575 41.520 44.360 0.000
489575 44.560 49.280 0.000
489575 51.280 54.160 0.000
489581 1.880 3.920 0.000
489581 4.600 7.000 0.000
489581 6.880 9.760 0.000
489581 10.800 12.200 0.300
489581 12.200 12.720 0.740
489581 12.520 13.080 0.720
489581 13.400 16.600 0.000
489581 16.480 17.960 0.260
489581 21.000 22.640 0.180
489581 29.280 29.800 0.740
489581 30.680 31.760 0.460
489581 38.200 39.920 0.140
489581 43.360 45.080 0.140
489581 45.280 46.360 0.460
489581 49.480 50.080 0.700
489581 57.840 59.960 0.000
489581 60.240 60.880 0.680
489581 62.040 62.640 0.700
489581 62.600 63.160 0.720
489581 64.920 65.680 0.620
489581 65.880 67.320 0.280
489581 68.560 69.440 0.560
489581 70.400 71.640 0.380
489581 75.960 77.800 0.080
489581 77.640 79.160 0.240
489581 79.760 81.960 0.000
489581 99.720 101.960 0.000
489581 102.600 104.000 0.300
489581 104.760 105.720 0.520
489581 106.640 109.520 0.000
489581 109.800 110.720 0.540
489581 111.000 111.520 0.740
489581 113.720 114.360 0.680
489581 114.200 115.920 0.140
489581 128.040 128.600 0.720
489581 128.600 129.120 0.740
489581 129.840 131.240 0.300
489581 139.240 139.800 0.720
489581 141.600 143.320 0.140
489581 145.480 147.240 0.120
489581 161.960 164.480 0.000
489581 165.280 166.240 0.520
489581 169.960 171.280 0.340
489581 171.560 173.120 0.220
489581 174.280 175.400 0.440
489581 175.840 178.360 0.000
489581 179.840 182.640 0.000
489581 182.440 184.640 0.000
489581 185.120 186.760 0.180
489581 186.640 188.320 0.160
489581 188.600 189.880 0.360
489581 189.720 190.280 0.720
489581 190.200 192.480 0.000
489581 192.320 196.640 0.000
489581 199.040 200.040 0.500
489581 200.800 201.560 0.620
489581 202.600 204.440 0.080
489581 214.360 215.960 0.200
489581 215.960 218.520 0.000
489581 220.120 220.640 0.740
489581 220.560 221.400 0.580
489581 222.200 224.200 0.000
489581 224.520 225.080 0.720
489581 234.240 235.960 0.140
489581 236.160 237.640 0.260
489581 240.160 245.040 0.000
489581 245.880 246.520 0.680
489581 246.680 247.240 0.720
489581 248.840 249.360 0.740
489581 249.200 250.320 0.440
489581 250.160 251.360 0.400
489581 251.560 253.480 0.040
489581 253.280 253.880 0.700
489581 254.040 256.160 0.000
489581 258.360 259.600 0.380
489581 259.880 261.720 0.080
489581 262.600 263.120 0.740
489581 263.200 264.560 0.320
489581 266.720 268.280 0.220
489581 268.480 269.080 0.700
489581 269.160 272.200 0.000
489581 274.280 275.200 0.540
489581 281.840 287.120 0.000
489581 293.240 294.840 0.200
489581 295.880 296.560 0.660
489581 296.760 298.200 0.280
489581 298.480 300.320 0.080
489581 305.960 307.320 0.320
489581 312.800 313.320 0.740
489581 325.800 326.440 0.680
489581 329.640 331.160 0.240
489581 346.960 348.160 0.400
489581 362.360 363.786 0.287
489576 30.840 31.960 0.440
489576 31.920 33.720 0.100
489576 34.360 38.680 0.000
489576 39.520 40.960 0.280
489576 40.920 41.640 0.640
489576 41.560 42.080 0.740
489576 42.120 44.680 0.000
489576 44.960 47.280 0.000
489576 47.720 50.800 0.000
489576 50.680 51.560 0.560
489576 58.800 59.680 0.560
489576 59.920 60.840 0.540
489576 61.000 62.840 0.080
489576 62.880 64.080 0.400
489576 63.960 64.800 0.580
489576 72.200 72.920 0.640
489576 73.400 74.800 0.300
489576 74.720 76.320 0.200
489576 77.600 78.880 0.360
489576 81.280 83.680 0.000
489576 83.600 84.800 0.400
489576 85.720 86.400 0.660
489576 87.520 89.880 0.000
489576 89.760 90.720 0.520
489576 92.560 93.480 0.540
489576 93.400 94.120 0.640
489576 94.040 95.280 0.380
489576 96.040 97.040 0.500
489576 102.120 103.280 0.420
489576 103.200 104.360 0.420
489576 104.760 105.640 0.560
489576 106.760 108.040 0.360
489576 108.800 109.320 0.740
489576 115.600 116.840 0.380
489576 116.800 117.520 0.640
489576 119.760 121.000 0.380
489576 125.720 126.440 0.640
489576 126.280 127.520 0.380
489576 129.000 131.000 0.000
489576 133.880 135.040 0.420
489576 135.720 138.360 0.000
489576 140.080 141.360 0.360
489576 141.400 142.120 0.640
489576 144.640 146.440 0.100
489576 146.480 147.880 0.300
489576 147.920 149.200 0.360
489576 150.480 152.600 0.000
489576 154.360 156.120 0.120
489576 158.360 159.520 0.420
489576 159.640 162.360 0.000
489576 162.440 163.560 0.440
489576 168.920 170.360 0.280
489576 170.400 171.880 0.260
489576 172.560 173.160 0.700
489576 173.360 173.960 0.700
489576 173.760 176.200 0.000
489576 179.640 181.360 0.140
489576 182.560 184.040 0.260
489576 187.280 189.120 0.080
489576 189.360 189.960 0.700
489576 194.040 195.480 0.280
489576 195.400 198.360 0.000
489576 198.400 199.680 0.360
489576 202.640 203.720 0.460
489576 206.600 207.840 0.380
489576 207.720 209.960 0.000
489576 210.080 212.160 0.000
489576 215.280 216.720 0.280
489576 216.960 217.480 0.740
489576 220.880 221.400 0.740
489576 221.360 222.440 0.460
489576 226.880 227.400 0.740
489576 229.400 230.600 0.400
489576 231.120 232.120 0.500
489576 232.120 233.200 0.460
489576 233.080 234.480 0.300
489576 234.600 235.360 0.620
489576 235.560 236.560 0.500
489576 241.080 242.040 0.520
489576 244.320 246.280 0.020
489576 247.560 248.440 0.560
489576 255.640 256.920 0.360
489576 256.840 258.600 0.120
489576 258.520 259.680 0.420
489576 261.000 261.600 0.700
489576 263.480 267.480 0.000
489576 267.400 268.680 0.360
489576 269.360 272.040 0.000
489576 274.240 276.000 0.120
489576 276.640 278.200 0.220
489576 279.160 280.280 0.440
489576 280.680 281.720 0.480
489576 284.960 287.040 0.000
489576 287.120 288.480 0.320
489576 289.600 292.360 0.000
489576 306.560 308.880 0.000
489576 309.200 311.120 0.040
489576 312.080 312.920 0.580
489576 312.800 314.720 0.040
489576 315.160 316.640 0.260
489576 316.480 317.760 0.360
489576 317.720 318.240 0.740
489576 318.480 320.480 0.000
489576 320.720 322.640 0.040
489576 325.280 325.840 0.720
489576 327.480 328.840 0.320
489576 330.640 332.120 0.260
489576 335.120 335.800 0.660
489576 336.640 337.480 0.580
489576 340.040 341.480 0.280
489576 341.440 342.840 0.300
489576 354.640 356.200 0.220
683259 0.000 0.960 0.520
683259 1.600 2.459 0.570
489579 14.360 14.920 0.720
489579 40.080 40.600 0.740
489579 45.400 46.240 0.580
489579 46.680 47.320 0.680
489579 65.480 66.040 0.720
489579 67.200 67.960 0.620
489579 69.560 70.160 0.700
489579 70.960 71.640 0.660
489579 73.120 74.000 0.560
489579 88.000 88.960 0.520
489579 90.160 90.760 0.700
489579 91.840 92.440 0.700
489579 93.560 94.480 0.540
489579 103.920 104.880 0.520
489579 104.840 105.360 0.740
489579 106.320 106.880 0.720
489579 108.760 109.280 0.740
489579 109.640 110.160 0.740
489579 110.160 110.720 0.720
489579 110.960 111.680 0.640
489579 119.600 120.160 0.720
489579 196.920 197.440 0.740
489579 260.760 261.440 0.660
489579 261.280 261.920 0.680
609160 2.640 3.240 0.700
609160 6.560 7.320 0.620
609160 7.880 9.040 0.420
609160 10.000 11.800 0.100
609160 11.640 13.080 0.280
609160 13.760 14.520 0.620
609160 14.840 15.760 0.540
609160 15.680 17.200 0.240
609160 18.520 20.360 0.080
609160 22.000 23.040 0.480
609160 24.160 25.320 0.420
609160 25.520 26.840 0.340
609160 26.680 27.440 0.620
609160 27.680 28.240 0.720
609160 28.800 29.480 0.660
609160 32.640 34.800 0.000
609160 35.840 37.360 0.240
609160 42.200 42.960 0.620
609160 43.040 43.560 0.740
609160 45.360 45.920 0.720
609160 47.440 48.360 0.540
609160 48.520 49.200 0.660
609160 52.560 53.080 0.740
609160 55.160 55.720 0.720
609160 55.560 56.280 0.640
609160 60.280 62.080 0.100
609160 62.440 64.000 0.220
609160 64.800 65.880 0.460
609160 67.280 68.120 0.580
609160 68.000 69.160 0.420
609160 69.680 70.560 0.560
609160 77.920 78.720 0.600
609160 85.600 86.560 0.520
609160 91.680 92.440 0.620
609160 93.320 93.960 0.680
581240 0.680 1.360 0.660
581240 2.120 3.120 0.500
267146 2.920 4.080 0.420
267146 8.800 10.400 0.200
267146 11.840 13.160 0.340
267146 19.840 21.160 0.340
267146 23.680 24.960 0.360
267146 29.240 30.480 0.380
267146 41.840 43.080 0.380
267146 55.320 56.600 0.360
267146 57.320 59.120 0.100
267146 59.320 60.360 0.480
267146 67.520 69.440 0.040
267146 69.440 70.480 0.480
267146 71.040 72.440 0.300
267146 72.680 73.840 0.420
267146 74.760 75.880 0.440
267146 77.000 78.360 0.320
267146 80.640 81.880 0.380
267146 82.360 83.480 0.440
267146 87.320 88.480 0.420
267146 88.720 89.960 0.380
267146 93.040 93.760 0.640
267146 93.960 95.200 0.380
267146 98.360 99.680 0.340
267146 100.880 102.040 0.420
267146 104.040 105.120 0.460
267146 107.400 108.280 0.560
267146 108.840 109.920 0.460
267145 0.600 1.680 0.460
267145 2.520 3.920 0.300
267145 4.400 5.360 0.520
267145 6.760 7.720 0.520
267145 9.120 10.200 0.460
267145 13.920 14.960 0.480
267145 19.560 20.760 0.400
267145 22.040 23.160 0.440
267145 28.240 29.600 0.320
267145 29.560 30.680 0.440
267145 34.160 35.360 0.400
267145 38.840 39.960 0.440
267145 45.040 46.280 0.380
267145 48.520 49.800 0.360
267145 50.960 52.120 0.420
267145 55.280 56.480 0.400
267145 56.920 58.000 0.460
267145 60.480 61.640 0.420
267145 62.720 63.920 0.400
210511 1.120 2.600 0.260
210511 3.640 4.920 0.360
210511 5.800 7.280 0.260
210511 9.840 11.160 0.340
210511 12.760 14.040 0.360
210511 21.400 22.960 0.220
210511 27.040 28.200 0.420
210511 28.560 30.040 0.260
436458 2.680 4.160 0.260
436458 8.520 10.080 0.220
436458 14.440 15.040 0.700
436458 23.720 24.480 0.620
436458 35.880 37.120 0.380
436458 42.480 44.600 0.000
436458 45.320 46.560 0.380
436458 47.000 48.680 0.160
436458 48.640 49.440 0.600
436458 54.520 55.880 0.320
436458 57.880 59.160 0.360
436458 60.920 62.040 0.440
436458 62.080 63.240 0.420
436458 64.560 67.600 0.000
436458 67.760 68.840 0.460
436458 68.720 70.080 0.320
436458 72.240 73.720 0.260
436458 75.200 76.000 0.600
436458 76.080 77.800 0.140
436458 81.880 83.160 0.360
436458 85.920 86.920 0.500
436458 86.960 88.560 0.200
436458 89.560 90.440 0.560
436458 92.520 93.640 0.440
436458 94.000 94.840 0.580
436458 95.040 96.720 0.160
436458 96.600 97.760 0.420
436458 97.720 98.280 0.720
436458 98.480 99.680 0.400
436458 100.800 101.600 0.600
436458 103.080 104.840 0.120
436458 114.520 115.880 0.320
436458 116.320 117.880 0.220
436458 118.320 120.160 0.080
436458 120.720 121.720 0.500
436458 122.640 123.480 0.580
436458 123.320 123.960 0.680
436458 124.200 124.800 0.700
436458 124.960 127.520 0.000
436458 127.640 128.440 0.600
436458 131.160 132.600 0.280
436458 133.560 135.480 0.040
436458 135.600 136.800 0.400
436458 137.160 138.760 0.200
436458 138.760 141.160 0.000
436458 141.480 143.240 0.120
436458 143.320 144.360 0.480
436458 145.800 148.800 0.000
436458 149.320 151.000 0.160
436458 151.560 153.080 0.240
436458 155.280 156.840 0.220
436458 157.640 159.320 0.160
436458 159.760 160.440 0.660
436458 168.440 172.320 0.000
436458 174.560 177.160 0.000
436458 180.480 182.120 0.180
436458 185.920 187.200 0.360
436458 193.200 195.200 0.000
436458 198.680 200.080 0.300
436458 201.360 204.320 0.000
386448 44.960 47.600 0.000
386448 47.440 49.880 0.000
57796 0.520 2.040 0.240
57796 4.600 5.600 0.500
57796 8.160 9.680 0.240
57796 12.000 13.480 0.260
57796 18.760 20.360 0.200
57796 22.920 24.520 0.200
57796 25.880 27.600 0.140
428103 0.760 2.560 0.100
428103 3.840 5.200 0.320
428103 5.960 6.480 0.740
428103 6.760 8.240 0.260
428103 10.400 12.040 0.180
428103 13.520 14.080 0.720
428103 16.880 18.120 0.380
386563 1.400 2.160 0.620
386563 4.880 5.440 0.720
386563 13.160 14.120 0.520
386563 24.120 24.640 0.740
386563 27.520 28.080 0.720
386563 33.800 34.320 0.740
386563 60.920 61.440 0.740
386563 67.760 68.440 0.660
386563 74.760 75.360 0.700
386563 75.320 75.840 0.740
386563 82.320 83.200 0.560
386563 85.560 86.320 0.620
386563 92.880 93.400 0.740
386563 98.160 98.680 0.740
386563 101.840 102.440 0.700
386563 104.160 104.760 0.700
386563 112.560 113.680 0.440
386563 114.040 114.960 0.540
200329 0.320 1.600 0.360
200329 2.120 3.120 0.500
200329 4.520 5.200 0.660
200329 5.800 6.440 0.680
200329 7.360 7.880 0.740
200329 8.360 9.160 0.600
200329 14.800 15.480 0.660
200329 33.400 34.720 0.340
200329 53.480 54.200 0.640
200329 57.200 57.760 0.720
200329 59.680 60.360 0.660
200329 67.520 68.680 0.420
200329 72.440 73.240 0.600
200329 76.880 77.480 0.700
200329 95.400 96.360 0.520
200329 99.040 100.000 0.520
200329 99.920 101.120 0.400
200329 102.160 103.040 0.560
200329 110.840 111.960 0.440
200329 113.080 114.040 0.520
200329 124.640 125.200 0.720
200329 125.120 125.960 0.580
200329 127.200 127.720 0.740
200329 129.920 130.800 0.560
200329 132.520 133.640 0.440
200329 134.120 134.680 0.720
200329 141.080 142.080 0.500
200329 145.240 145.880 0.680
200329 145.920 146.800 0.560
200329 157.760 158.400 0.680
200329 229.000 230.040 0.480
200329 230.320 231.040 0.640
200329 233.120 234.640 0.240
200329 237.720 239.000 0.360
200329 245.080 246.480 0.300
200329 246.600 248.840 0.000
200329 249.800 251.400 0.200
200329 253.720 255.080 0.320
200329 256.400 257.640 0.380
200329 261.800 262.600 0.600
200329 265.920 266.560 0.680
200329 266.480 267.720 0.380
200329 268.000 269.400 0.300
200329 275.440 276.320 0.560
200329 276.480 278.640 0.000
200329 278.680 280.040 0.320
200329 280.600 281.720 0.440
200329 281.760 283.560 0.100
200329 284.120 285.360 0.380
200329 285.440 286.480 0.480
200329 286.480 287.240 0.620
200329 288.880 290.600 0.140
200329 291.120 292.600 0.260
200329 292.520 294.560 0.000
200329 294.440 296.800 0.000
200329 297.640 299.200 0.220
200329 300.200 300.960 0.620
200329 301.240 301.880 0.680
200329 301.760 302.320 0.720
200329 305.920 306.520 0.700
200329 307.720 308.320 0.700
200329 313.240 313.880 0.680
200329 318.720 319.600 0.560
200329 320.800 321.480 0.660
200329 323.280 324.200 0.540
200329 325.760 327.200 0.280
200329 328.680 330.440 0.120
200329 330.440 331.440 0.500
200329 331.480 332.520 0.480
200329 332.520 333.400 0.560
200329 334.520 335.480 0.520
200329 336.840 338.240 0.300
200329 338.880 339.480 0.700
200329 339.760 341.080 0.340
200329 341.080 341.640 0.720
200329 341.680 342.360 0.660
200329 342.600 344.280 0.160
200329 344.880 345.760 0.560
200329 349.400 350.640 0.380
200329 350.960 351.600 0.680
200329 352.760 353.840 0.460
200329 355.000 355.880 0.560
200329 355.720 356.560 0.580
200329 356.480 357.680 0.400
200329 366.200 367.480 0.360
200329 368.040 369.240 0.400
200329 374.200 374.880 0.660
200329 382.520 383.680 0.420
200329 383.720 384.920 0.400
200329 387.960 389.240 0.360
200329 390.720 391.840 0.440
200329 391.640 393.040 0.300
200329 393.720 395.120 0.300
200329 397.440 398.280 0.580
200329 398.680 399.920 0.380
200329 400.200 401.320 0.440
200329 401.280 402.560 0.360
200329 406.520 408.200 0.160
200329 414.080 415.560 0.260
200329 420.200 421.360 0.420
200329 427.680 429.520 0.080
200329 431.120 433.360 0.000
200329 433.360 434.120 0.620
200329 434.640 435.320 0.660
200329 437.560 438.520 0.520
200329 438.520 440.520 0.000
200329 443.520 444.400 0.560
200329 448.200 449.240 0.480
200329 452.800 454.920 0.000
200329 455.120 455.760 0.680
200329 455.760 458.880 0.000
200329 458.760 460.520 0.120
200329 461.040 462.480 0.280
200329 467.000 469.440 0.000
200329 470.120 472.000 0.060
200329 472.840 473.440 0.700
200329 476.760 478.040 0.360
200329 482.760 484.320 0.220
200329 489.640 490.200 0.720
200329 490.960 491.760 0.600
200329 492.280 493.840 0.220
200329 495.280 495.960 0.660
200329 495.840 496.760 0.540
200329 497.040 497.560 0.740
200329 498.320 499.040 0.640
200329 503.280 505.240 0.020
200329 505.520 506.280 0.620
200329 506.760 508.640 0.060
200329 510.320 511.760 0.280
200329 511.680 512.360 0.660
200329 512.280 513.040 0.620
200329 513.000 513.520 0.740
200329 514.520 515.440 0.540
200329 517.040 518.360 0.340
200329 529.560 530.600 0.480
200329 535.360 536.480 0.440
200329 539.240 540.640 0.300
200329 545.720 547.040 0.340
200329 549.320 550.200 0.560
200329 555.880 557.120 0.380
200329 563.440 564.160 0.640
200329 566.480 567.400 0.540
200329 568.640 570.000 0.320
200329 575.520 576.200 0.660
200329 577.320 578.040 0.640
200329 581.000 581.760 0.620
200329 589.920 591.120 0.400
78535 1.360 2.880 0.240
78535 4.240 5.800 0.220
78535 7.040 8.120 0.460
78535 11.080 12.240 0.420
78535 14.800 16.120 0.340
78535 17.520 18.760 0.380
78535 19.360 20.400 0.480
78535 23.960 25.040 0.460
78535 28.080 29.280 0.400
78535 30.800 32.280 0.260
78535 32.920 33.840 0.540
78535 36.600 37.680 0.460
78535 38.440 39.800 0.320
78535 40.720 41.360 0.680
78535 41.480 42.720 0.380
78535 50.120 51.240 0.440
78535 52.600 54.120 0.240
386072 9.040 9.560 0.740
386072 11.120 12.080 0.520
386072 14.760 15.320 0.720
386072 15.640 16.160 0.740
386072 17.280 18.040 0.620
386072 17.920 18.680 0.620
386072 19.440 19.960 0.740
386072 20.200 20.880 0.660
386072 21.240 21.840 0.700
386072 27.040 27.560 0.740
386072 28.560 29.200 0.680
386072 29.880 30.600 0.640
386072 30.640 31.280 0.680
386072 31.520 32.360 0.580
386072 34.080 35.000 0.540
386072 35.280 36.120 0.580
386072 40.640 41.200 0.720
386072 42.640 43.280 0.680
386072 43.320 44.600 0.360
386072 45.280 46.160 0.560
386072 49.400 49.960 0.720
386072 49.840 50.600 0.620
386072 52.440 53.160 0.640
386072 53.040 53.640 0.700
386072 54.600 55.160 0.720
386072 62.000 63.240 0.380
386072 63.240 64.080 0.580
386072 63.920 64.800 0.560
386072 64.880 65.480 0.700
386072 65.720 66.360 0.680
386072 66.200 67.040 0.580
386072 67.080 68.160 0.460
386072 68.640 69.240 0.700
386072 73.320 74.280 0.520
386072 74.120 75.240 0.440
386072 75.240 76.800 0.220
386072 77.760 78.360 0.700
386072 79.000 79.600 0.700
386072 80.400 80.920 0.740
386072 87.280 88.000 0.640
386072 89.600 90.240 0.680
386072 90.480 91.400 0.540
386072 93.520 94.080 0.720
386072 95.120 95.640 0.740
386072 96.640 97.160 0.740
386072 98.440 99.120 0.660
386072 100.360 101.280 0.540
386072 102.200 103.360 0.420
386072 104.040 104.560 0.740
386072 106.000 106.840 0.580
386072 108.360 109.080 0.640
386072 111.440 112.520 0.460
386072 112.560 113.160 0.700
386072 114.600 115.160 0.720
386072 120.760 122.812 0.000
386053 3.960 6.800 0.000
386053 20.520 23.000 0.000
386053 59.200 61.520 0.000
386053 78.920 80.320 0.300
386053 92.920 96.880 0.000
386053 97.160 99.160 0.000
386053 99.440 100.920 0.260
386053 114.880 115.600 0.640
386053 118.400 119.440 0.480
692900 0.120 1.880 0.120
692900 2.440 3.560 0.440
534126 0.000 1.480 0.260
534126 2.840 5.760 0.000
534126 6.440 8.240 0.100
534126 10.720 14.600 0.000
534126 19.240 21.640 0.000
534126 22.760 23.760 0.500
534126 25.000 27.000 0.000
534126 26.880 28.560 0.160
534126 28.360 29.720 0.320
534126 30.640 32.360 0.140
534126 32.280 34.200 0.040
534126 41.840 44.960 0.000
534126 44.880 47.176 0.000
613869 0.120 1.320 0.400
613869 1.880 2.920 0.480
613869 3.760 4.920 0.420
613869 9.760 12.360 0.000
613869 12.360 14.880 0.000
613869 19.560 21.000 0.280
613869 23.600 26.240 0.000
613869 28.080 30.560 0.000
613869 31.400 33.480 0.000
613869 34.480 37.200 0.000
613869 37.560 38.880 0.340
613869 39.520 40.840 0.340
613869 41.600 43.800 0.000
613869 43.960 46.800 0.000
613869 50.280 50.800 0.740
613869 51.200 52.560 0.320
613869 54.200 56.200 0.000
613869 56.160 58.800 0.000
613869 59.000 60.720 0.140
613869 60.640 62.760 0.000
613869 63.200 64.840 0.180
613869 66.280 68.040 0.120
613869 69.800 71.760 0.020
613869 73.400 76.160 0.000
613869 77.960 82.160 0.000
613869 85.640 86.480 0.580
613869 86.760 88.080 0.340
613869 90.560 91.400 0.580
613869 91.560 92.840 0.360
613869 96.360 99.200 0.000
613869 100.880 103.600 0.000
613869 106.720 108.320 0.200
613870 17.680 18.400 0.640
613870 18.240 19.080 0.580
613870 24.200 24.720 0.740
613870 41.120 41.800 0.660
613870 41.640 42.160 0.740
613870 57.880 59.040 0.420
613870 70.560 71.880 0.340
613870 73.960 75.160 0.400
613870 82.280 83.720 0.280
613870 88.200 89.720 0.240
692897 6.640 8.280 0.180
692897 10.160 10.840 0.660
692897 15.600 16.440 0.580
653659 6.200 6.760 0.720
653659 9.680 10.840 0.420
653659 11.000 11.720 0.640
653659 19.680 20.360 0.660
653659 22.640 23.760 0.440
653659 23.560 24.560 0.500
119161 1.040 2.120 0.460
119161 3.240 4.480 0.380
119161 5.040 6.560 0.240
119161 7.120 8.240 0.440
119161 8.160 9.360 0.400
119161 10.600 11.960 0.320
119161 11.880 13.680 0.100
119161 14.320 17.120 0.000
119161 18.400 19.480 0.460
119161 20.760 22.440 0.160
119161 22.400 23.600 0.400
457270 6.720 7.400 0.660
457270 10.240 10.920 0.660
457270 14.840 16.480 0.180
457270 22.000 22.560 0.720
457270 22.800 23.400 0.700
457270 23.600 24.240 0.680
457270 31.280 31.840 0.720
457270 33.280 33.800 0.740
457270 34.200 35.160 0.520
457270 35.320 36.040 0.640
457270 36.040 36.640 0.700
457270 45.280 45.800 0.740
457270 46.960 48.240 0.360
623795 12.480 13.160 0.660
623795 44.560 45.160 0.700
623795 48.280 49.280 0.500
482943 1.600 2.160 0.720
482943 8.680 9.480 0.600
482943 14.440 15.480 0.480
482943 15.960 17.120 0.420
482943 19.520 20.040 0.740
482943 20.800 22.200 0.300
482943 22.680 23.680 0.500
482943 23.560 24.880 0.340
482943 25.400 26.160 0.620
482943 26.440 27.560 0.440
482943 27.360 27.880 0.740
482943 51.240 52.720 0.260
482943 61.320 62.080 0.620
482943 64.200 65.400 0.400
482943 90.800 91.320 0.740
482943 103.280 104.000 0.640
482943 108.760 109.480 0.640
482943 110.440 111.000 0.720
482943 125.680 126.520 0.580
482943 131.240 132.520 0.360
482943 140.720 141.600 0.560
482943 150.280 151.040 0.620
482943 164.880 165.680 0.600
482943 166.080 167.440 0.320
482943 172.680 174.160 0.260
482943 178.520 179.480 0.520
482943 184.960 186.680 0.140
482943 207.400 208.760 0.320
482943 211.120 211.680 0.720
482943 219.120 220.560 0.280
482943 222.320 224.040 0.140
482943 224.520 226.920 0.000
482943 232.280 233.080 0.600
482943 233.080 233.680 0.700
482943 253.360 253.880 0.740
482943 298.360 299.160 0.600
482943 302.320 303.880 0.220
482943 312.120 312.640 0.740
482943 358.840 359.800 0.520
482943 377.280 378.120 0.580
385010 0.800 2.720 0.040
385010 2.880 4.040 0.420
385010 4.520 5.400 0.560
385010 5.760 6.560 0.600
385010 8.840 9.560 0.640
385010 9.600 10.360 0.620
385010 10.720 12.920 0.000
385010 13.080 13.720 0.680
385010 15.560 16.440 0.560
385010 22.120 22.680 0.720
385010 25.200 27.920 0.000
385010 27.840 30.320 0.000
385010 33.440 36.160 0.000
385010 36.720 37.800 0.460
385010 39.080 39.600 0.740
385010 39.560 40.080 0.740
385010 40.640 41.400 0.620
385010 41.360 42.280 0.540
385010 43.840 44.840 0.500
385010 45.120 45.800 0.660
385010 46.080 46.880 0.600
385010 46.760 47.280 0.740
385010 47.560 48.920 0.320
385010 48.960 51.000 0.000
385010 51.000 51.720 0.640
385010 51.560 52.720 0.420
385010 52.640 53.560 0.540
385010 57.560 58.760 0.400
385010 59.040 60.200 0.420
385010 60.360 61.640 0.360
385010 62.320 63.720 0.300
385010 64.240 65.360 0.440
385010 68.080 68.640 0.720
385010 68.520 69.640 0.440
385010 75.680 76.840 0.420
385010 76.760 78.280 0.240
385010 78.520 79.400 0.560
385010 79.280 81.400 0.000
385010 84.080 84.800 0.640
385010 84.920 85.760 0.580
385010 87.120 88.120 0.500
385010 95.040 95.640 0.700
385010 98.360 100.280 0.040
385010 101.240 102.280 0.480
385010 102.320 103.120 0.600
385010 103.920 105.080 0.420
385010 105.120 105.880 0.620
385010 106.240 107.160 0.540
385010 107.040 108.800 0.120
385010 108.720 109.560 0.580
385010 109.440 110.880 0.280
385010 110.960 112.040 0.460
385010 112.280 112.840 0.720
385010 112.680 113.520 0.580
385010 113.800 115.680 0.060
385010 117.560 118.240 0.660
385010 118.280 119.240 0.520
385010 120.360 121.560 0.400
385010 121.760 122.520 0.620
385010 123.360 123.920 0.720
385010 124.120 125.800 0.160
385010 126.440 127.240 0.600
385010 128.480 129.200 0.640
385010 133.280 134.640 0.320
385010 134.440 136.120 0.160
385010 136.200 137.800 0.200
385010 138.040 140.480 0.000
385010 140.320 142.320 0.000
385010 142.920 145.480 0.000
385010 145.320 146.800 0.260
385010 146.640 147.880 0.380
386451 98.760 99.280 0.740
386451 104.520 105.080 0.720
39947 6.040 8.640 0.000
39947 11.560 12.480 0.540
39947 13.440 15.040 0.200
39947 15.640 16.160 0.740
39947 22.000 22.680 0.660
39947 23.160 25.360 0.000
39947 26.960 28.280 0.340
39947 29.480 30.360 0.560
39947 30.360 31.960 0.200
39947 33.560 34.360 0.600
39947 37.320 39.040 0.140
39947 38.920 39.880 0.520
39947 39.720 40.960 0.380
39947 45.160 46.040 0.560
39947 45.920 46.960 0.480
39947 53.240 54.160 0.540
39947 56.320 57.480 0.420
39947 61.880 62.800 0.540
39947 62.840 64.000 0.420
39947 77.840 78.880 0.480
39947 78.800 80.040 0.380
39947 83.000 84.280 0.360
39947 87.720 88.280 0.720
39947 88.440 89.640 0.400
39947 97.160 98.200 0.480
39947 98.360 99.520 0.420
39947 103.040 104.480 0.280
39947 112.160 113.080 0.540
39947 113.240 114.280 0.480
39947 116.680 118.440 0.120
39947 119.200 119.760 0.720
39947 121.120 123.200 0.000
39947 123.040 123.680 0.680
39947 126.800 127.320 0.740
39947 127.960 129.280 0.340
39947 129.360 130.560 0.400
39947 130.440 131.760 0.340
39947 131.600 132.160 0.720
23725 0.160 3.800 0.000
23725 5.560 7.800 0.000
75190 0.480 2.640 0.000
75190 2.960 3.880 0.540
75190 14.680 17.010 0.000
622635 4.000 4.840 0.580
622635 5.240 5.880 0.680
622635 6.000 7.360 0.320
622635 11.360 13.440 0.000
622635 19.000 19.520 0.740
622635 25.960 26.560 0.700
622635 38.640 39.440 0.600
622635 39.640 40.880 0.380
622635 42.720 43.320 0.700
221675 17.840 19.520 0.160
221675 24.880 26.080 0.400
221675 30.400 32.120 0.140
221675 34.320 35.800 0.260
221675 38.680 40.520 0.080
221675 49.320 50.920 0.200
221675 56.080 57.680 0.200
221675 58.680 60.440 0.120
221675 62.640 64.320 0.160
221675 74.160 75.040 0.560
221675 75.680 77.520 0.080
221675 80.840 82.240 0.300
221675 91.160 93.360 0.000
613862 2.600 4.120 0.240
613862 14.560 15.400 0.580
613862 15.240 16.280 0.480
613862 16.160 18.560 0.000
613862 28.080 30.200 0.000
613862 30.360 31.760 0.300
613862 33.200 34.560 0.320
613862 34.600 37.280 0.000
613862 38.080 38.600 0.740
613862 43.360 44.880 0.240
613862 50.120 50.800 0.660
613862 50.680 51.640 0.520
613862 52.360 53.200 0.580
613862 54.040 54.960 0.540
613862 54.920 56.280 0.320
613862 56.160 57.000 0.580
613862 59.000 59.640 0.680
613862 60.360 61.560 0.400
613862 63.120 63.640 0.740
613862 67.760 70.920 0.000
613862 71.880 75.920 0.000
613862 75.800 79.560 0.000
613862 81.240 82.520 0.360
613862 85.720 86.440 0.640
613862 86.720 88.200 0.260
613862 88.400 89.600 0.400
613862 92.600 95.160 0.000
613862 95.120 97.120 0.000
613862 98.040 98.829 0.605
613861 15.760 17.000 0.380
613861 18.960 21.040 0.000
613861 21.120 22.080 0.520
613861 22.160 23.880 0.140
613861 24.560 26.360 0.100
613861 27.720 29.160 0.280
613861 31.000 32.400 0.300
613861 33.360 33.960 0.700
613861 34.040 35.400 0.320
613861 39.040 40.720 0.160
613861 42.040 43.320 0.360
613861 45.040 46.400 0.320
613861 46.320 47.360 0.480
613861 48.120 49.840 0.140
613861 52.000 53.720 0.140
613861 60.120 61.600 0.260
613861 64.320 65.720 0.300
613861 68.400 69.720 0.340
613861 70.120 71.440 0.340
613861 77.160 79.760 0.000
613861 80.000 80.680 0.660
613861 90.520 91.040 0.740
613861 91.560 94.480 0.000
613861 94.560 96.640 0.000
622444 5.040 5.800 0.620
622444 10.480 11.000 0.740
622444 11.400 13.280 0.060
622444 18.800 19.520 0.640
622444 19.600 20.600 0.500
622444 23.520 24.040 0.740
622444 32.960 33.640 0.660
622444 44.240 44.880 0.680
622444 81.480 82.000 0.740
87306 19.480 20.120 0.680
87306 42.240 43.000 0.620
660809 2.480 3.000 0.740
660809 2.960 3.480 0.740
660809 9.080 10.320 0.380
660809 17.760 18.400 0.680
660809 23.760 25.000 0.380
660809 37.600 38.240 0.680
660809 38.080 38.680 0.700
660809 38.600 39.680 0.460
660809 44.560 45.560 0.500
660809 47.040 47.920 0.560
660809 48.240 49.560 0.340
660809 50.560 51.800 0.380
660809 55.400 56.680 0.360
660809 60.120 61.280 0.420
660809 63.640 65.640 0.000
660809 66.160 67.400 0.380
660809 70.320 71.280 0.520
660809 81.440 83.000 0.220
660809 100.520 101.600 0.460
660809 107.880 108.840 0.520
660809 122.120 122.720 0.700
624547 0.280 1.600 0.340
624547 5.880 7.520 0.180
624547 9.040 9.760 0.640
624547 10.240 10.760 0.740
624547 18.040 18.600 0.720
624547 20.240 21.000 0.620
624547 57.520 58.080 0.720
642411 60.040 60.760 0.640
642411 68.200 69.520 0.340
642411 115.240 116.120 0.560
642411 122.840 124.120 0.360
642411 127.000 128.360 0.320
642411 135.000 136.560 0.220
642411 147.560 148.840 0.360
642411 153.800 154.920 0.440
140199 0.000 0.880 0.560
140199 10.880 14.080 0.000
140199 14.760 16.400 0.180
140199 16.520 17.760 0.380
140199 18.080 18.680 0.700
140199 19.440 21.640 0.000
140199 21.640 22.680 0.480
140199 22.840 23.720 0.560
140199 26.200 26.840 0.680
140199 26.720 27.840 0.440
140199 30.720 31.800 0.460
140199 34.720 35.320 0.700
140199 37.640 38.880 0.380
140199 38.920 41.000 0.000
140199 40.880 41.560 0.660
140199 42.240 42.760 0.740
140199 42.760 45.800 0.000
140199 49.560 50.760 0.400
140199 51.760 52.720 0.520
140199 52.680 54.000 0.340
140199 62.280 64.160 0.060
140199 64.080 64.640 0.720
140199 97.760 101.840 0.000
140199 102.360 102.880 0.740
140199 102.880 103.640 0.620
140199 103.600 104.520 0.540
140199 105.960 106.920 0.520
140199 106.880 107.760 0.560
140199 109.120 110.240 0.440
140199 117.280 119.240 0.020
140199 119.160 120.520 0.320
140199 120.840 121.880 0.480
140199 122.840 124.040 0.400
140199 124.160 125.800 0.180
140199 125.840 126.480 0.680
140199 128.320 129.400 0.460
140199 129.560 130.520 0.520
140199 130.520 131.640 0.440
140199 131.440 131.960 0.740
140199 132.200 133.640 0.280
140199 133.880 134.600 0.640
140199 135.800 136.400 0.700
140199 138.520 139.080 0.720
140199 139.480 140.000 0.740
140199 144.760 147.200 0.000
140199 152.120 153.520 0.300
140199 154.240 156.680 0.000
140199 156.640 158.680 0.000
140199 165.720 167.280 0.220
140199 167.440 168.520 0.460
140199 168.480 169.480 0.500
140199 169.520 171.240 0.140
140199 171.360 172.640 0.360
140199 172.760 174.400 0.180
140199 179.320 181.200 0.060
140199 181.680 183.560 0.060
140199 185.200 186.680 0.260
140199 186.960 187.720 0.620
140199 189.040 190.400 0.320
140199 199.720 201.840 0.000
140199 202.680 206.800 0.000
140199 206.600 207.360 0.620
140199 207.320 209.200 0.060
140199 209.000 210.520 0.240
140199 211.240 211.920 0.660
140199 211.960 213.000 0.480
140199 213.120 215.360 0.000
140199 215.760 216.760 0.500
140199 217.400 218.280 0.560
140199 226.880 228.000 0.440
140199 231.520 235.800 0.000
140199 246.080 249.680 0.000
140199 249.720 252.360 0.000
140199 255.600 260.600 0.000
140199 260.680 263.000 0.000
140199 262.920 263.600 0.660
140199 274.480 276.360 0.060
140199 276.200 276.880 0.660
140199 278.640 279.280 0.680
140199 279.200 281.400 0.000
140199 281.360 281.880 0.740
140199 290.520 291.520 0.500
140199 297.440 299.160 0.140
140199 299.080 299.840 0.620
140199 301.480 304.600 0.000
140199 304.480 306.440 0.020
140199 307.520 308.200 0.660
140199 308.200 309.280 0.460
140199 309.120 309.760 0.680
140199 311.160 312.760 0.200
140199 313.360 314.720 0.320
140199 315.480 316.400 0.540
140199 316.360 318.560 0.000
140199 319.600 320.400 0.600
140199 321.600 322.400 0.600
140199 322.240 323.240 0.500
140199 324.360 325.560 0.400
140199 325.520 326.360 0.580
140199 326.440 326.960 0.740
140199 327.280 328.240 0.520
140199 329.320 330.040 0.640
140199 330.920 332.000 0.460
140199 332.520 333.760 0.380
140199 334.560 336.280 0.140
140199 336.400 337.960 0.220
140199 339.280 340.440 0.420
140199 341.280 343.360 0.000
140199 344.440 346.240 0.100
140199 347.000 347.880 0.560
140199 351.480 352.240 0.620
140199 353.720 354.280 0.720
140199 356.040 356.680 0.680
140199 359.520 360.440 0.540
197408 19.320 21.400 0.000
197408 21.720 22.600 0.560
197408 22.680 23.680 0.500
197408 23.760 24.280 0.740
197408 25.680 26.320 0.680
197408 28.480 30.280 0.100
197408 33.480 34.000 0.740
197408 34.200 37.720 0.000
197408 37.640 38.920 0.360
197408 38.760 41.680 0.000
197408 41.760 42.800 0.480
197408 42.680 44.280 0.200
197408 44.120 44.800 0.660
197408 44.640 46.240 0.200
197408 46.080 48.800 0.000
197408 49.560 50.880 0.340
197408 51.280 54.000 0.000
197408 101.000 101.640 0.680
197408 102.840 104.560 0.140
197408 104.720 105.320 0.700
197408 105.320 105.840 0.740
197408 121.000 121.680 0.660
197408 122.000 122.880 0.560
197408 122.800 124.000 0.400
197408 124.240 127.160 0.000
197408 129.240 130.560 0.340
197408 130.440 133.560 0.000
197408 133.800 134.760 0.520
197408 135.760 136.800 0.480
197408 136.800 137.400 0.700
197408 137.320 139.240 0.040
197408 140.280 141.600 0.340
197408 141.520 144.320 0.000
197408 144.200 144.760 0.720
197408 144.720 147.760 0.000
197408 147.600 151.280 0.000
197408 151.800 152.360 0.720
197408 152.200 152.840 0.680
197408 152.760 153.560 0.600
197408 154.400 156.720 0.000
197408 165.720 168.600 0.000
197408 168.480 169.080 0.700
197408 168.880 169.440 0.720
197408 169.480 170.880 0.300
197408 171.320 172.680 0.320
197408 172.760 173.320 0.720
197408 173.560 174.320 0.620
197408 181.680 183.640 0.020
197408 183.920 184.480 0.720
197408 185.440 186.840 0.300
197408 186.720 187.760 0.480
197408 187.760 188.360 0.700
197408 189.120 189.800 0.660
197408 189.600 190.320 0.640
197408 207.320 210.520 0.000
197408 215.320 216.880 0.220
197408 217.400 220.360 0.000
197408 306.640 310.320 0.000
197408 310.160 314.800 0.000
197408 314.920 315.640 0.640
197408 315.480 316.400 0.540
197408 316.360 319.120 0.000
197408 319.560 320.480 0.540
197408 321.600 323.480 0.060
197408 324.360 326.440 0.000
197408 326.440 327.120 0.660
197408 327.240 328.480 0.380
197408 329.240 330.120 0.560
197408 330.240 332.400 0.000
197408 332.400 333.840 0.280
197408 334.080 334.600 0.740
197408 334.520 336.320 0.100
197408 336.360 338.280 0.040
197408 338.120 339.280 0.420
197408 339.240 340.920 0.160
197408 340.760 343.480 0.000
197408 343.640 344.160 0.740
197408 353.000 353.720 0.640
197408 353.560 354.680 0.440
197408 355.080 355.760 0.660
197408 355.960 356.800 0.580
197408 357.360 357.960 0.700
197408 358.200 358.800 0.700
197408 359.240 360.600 0.320
18074 30.760 32.000 0.380
18074 36.400 37.080 0.660
18074 38.720 39.720 0.500
18074 40.680 41.880 0.400
18074 42.120 43.360 0.380
18074 43.680 44.680 0.500
18074 45.520 46.760 0.380
18074 47.880 49.000 0.440
18074 49.280 50.480 0.400
18074 50.880 52.080 0.400
18074 54.680 55.800 0.440
18074 61.440 62.600 0.420
18074 68.160 69.520 0.320
406133 0.600 1.880 0.360
406133 4.840 5.400 0.720
406133 6.240 7.120 0.560
406133 7.000 7.760 0.620
406133 7.680 8.400 0.640
406133 19.360 19.960 0.700
406133 25.840 27.160 0.340
406133 75.440 76.240 0.600
406133 76.640 77.480 0.580
406133 134.720 135.280 0.720
406133 247.880 248.400 0.740
406133 263.360 263.920 0.720
406133 263.760 264.280 0.740
388881 8.960 9.520 0.720
388881 11.880 12.440 0.720
388881 14.840 15.760 0.540
388881 16.920 17.440 0.740
388881 17.720 18.280 0.720
388881 23.360 24.120 0.620
388881 56.440 57.640 0.400
388881 60.360 61.080 0.640
388881 62.960 63.520 0.720
388881 69.360 70.960 0.200
388881 89.840 90.360 0.740
388881 93.560 94.400 0.580
388881 103.760 104.360 0.700
388881 106.400 107.000 0.700
388881 108.560 109.120 0.720
388881 117.080 117.600 0.740
388881 124.120 124.880 0.620
388881 126.480 127.040 0.720
388881 157.840 158.600 0.620
388881 160.080 160.640 0.720
388881 165.680 166.520 0.580
388881 167.240 168.160 0.540
388881 169.000 169.720 0.640
388881 169.560 170.720 0.420
388881 172.600 173.640 0.480
388881 178.400 178.920 0.740
41372 14.720 15.440 0.640
355339 5.320 6.960 0.180
355339 11.800 12.480 0.660
355339 36.720 37.320 0.700
50585 0.520 4.400 0.000
50585 5.160 6.480 0.340
50585 7.480 11.120 0.000
50585 11.160 11.680 0.740
50585 14.600 15.400 0.600
50585 16.280 16.800 0.740
50585 22.800 23.920 0.440
50585 24.400 25.040 0.680
50585 25.560 26.080 0.740
50585 28.400 29.360 0.520
50585 29.520 30.720 0.400
50585 33.000 33.800 0.600
50585 34.120 35.280 0.420
50585 36.080 37.040 0.520
50585 39.920 41.640 0.140
50585 41.960 43.320 0.320
50585 43.800 46.960 0.000
50585 46.840 47.640 0.600
50585 48.560 52.960 0.000
50585 52.800 54.160 0.320
50585 54.320 55.720 0.300
50585 55.600 57.280 0.160
50585 57.160 57.680 0.740
50585 58.080 60.560 0.000
50585 66.600 67.520 0.540
50585 67.880 69.200 0.340
50585 79.920 81.360 0.280
50585 85.280 85.800 0.740
50585 85.960 87.360 0.300
50585 87.600 89.440 0.080
50585 89.640 90.280 0.680
50585 90.120 90.840 0.640
50585 96.480 98.800 0.000
50585 106.200 107.640 0.280
50585 110.680 112.040 0.320
50585 112.040 112.680 0.680
50585 113.240 113.800 0.720
50585 113.960 117.080 0.000
50585 116.920 118.440 0.240
50585 118.280 121.680 0.000
479656 10.880 13.480 0.000
479656 13.840 15.640 0.100
479656 33.040 33.800 0.620
385913 0.000 1.000 0.500
385913 2.480 3.680 0.400
385913 4.960 5.840 0.560
675415 0.960 1.480 0.740
675415 3.640 5.320 0.160
675415 7.240 9.240 0.000
675415 9.240 10.400 0.420
675415 13.600 15.640 0.000
675415 15.520 16.120 0.700
675415 16.720 18.120 0.300
675415 19.160 21.200 0.000
675415 22.920 23.960 0.480
675415 24.160 25.240 0.460
675415 26.480 27.280 0.600
675415 28.040 28.880 0.580
675415 29.160 30.280 0.440
675415 33.680 36.000 0.000
675415 39.200 39.840 0.680
675415 41.520 45.080 0.000
675415 50.840 52.680 0.080
675415 52.520 53.040 0.740
479649 0.000 1.360 0.320
479649 1.960 3.280 0.340
479649 4.080 5.720 0.180
479649 6.280 7.640 0.320
479649 8.440 10.080 0.180
479649 10.680 12.000 0.340
479649 12.840 14.440 0.200
479649 15.040 16.360 0.340
479649 17.160 18.800 0.180
479649 19.440 20.720 0.360
479649 21.560 23.160 0.200
479649 23.720 25.080 0.320
479659 12.080 13.680 0.200
479659 13.560 14.076 0.742
47395 0.000 1.000 0.500
47395 2.480 3.680 0.400
47395 4.960 5.840 0.560
529602 2.240 4.000 0.120
529602 6.960 8.880 0.040
529602 11.240 12.800 0.220
529602 16.640 18.560 0.040
529602 19.520 20.960 0.280
414342 0.920 2.120 0.400
414342 9.000 9.960 0.520
414342 23.200 24.400 0.400
414342 27.880 28.880 0.500
479648 0.400 1.960 0.220
479648 2.960 4.600 0.180
479648 5.280 6.960 0.160
479648 12.480 14.320 0.080
479648 14.280 15.880 0.200
88423 0.080 1.520 0.280
88423 3.160 3.680 0.740
88423 3.840 4.520 0.660
88423 4.400 5.880 0.260
88423 5.760 8.200 0.000
88423 8.840 11.720 0.000
88423 13.800 15.280 0.260
88423 15.120 16.600 0.260
88423 16.680 17.800 0.440
88423 18.040 19.840 0.100
88423 22.440 23.480 0.480
88423 29.200 32.240 0.000
479652 0.920 3.720 0.000
479652 4.920 6.800 0.060
479652 6.760 8.360 0.200
479652 8.440 10.040 0.200
479652 11.040 12.640 0.200
479652 13.360 15.040 0.160
479652 16.400 19.400 0.000
479652 20.600 22.480 0.060
479652 22.440 24.040 0.200
479652 24.080 25.720 0.180
479652 26.680 28.320 0.180
164789 0.000 1.040 0.480
164789 3.480 4.680 0.400
164789 9.880 11.200 0.340
164789 13.120 14.240 0.440
479653 0.600 2.120 0.240
479653 2.720 4.000 0.360
479653 4.840 6.520 0.160
479653 7.000 8.400 0.300
479653 9.240 10.880 0.180
479653 11.440 12.800 0.320
479653 13.640 15.280 0.180
479653 15.840 17.200 0.320
479653 18.040 19.680 0.180
479653 20.200 21.600 0.300
479653 22.440 24.080 0.180
479653 24.640 26.000 0.320
479655 2.160 2.680 0.740
479655 3.120 4.040 0.540
479655 5.400 6.320 0.540
479655 9.600 10.680 0.460
479655 16.600 17.320 0.640
479655 17.680 18.640 0.520
479655 18.600 19.160 0.720
479655 19.960 20.960 0.500
479655 21.160 22.720 0.220
479655 24.200 25.280 0.460
479655 31.240 31.960 0.640
479655 32.280 33.240 0.520
479655 33.200 33.760 0.720
479655 34.560 35.560 0.500
479655 35.760 37.320 0.220
479655 38.800 39.880 0.460
479655 40.160 40.720 0.720
479655 40.840 42.680 0.080
479655 45.840 46.520 0.660
266831 2.040 2.760 0.640
266831 58.720 59.240 0.740
266831 60.640 61.560 0.540
266831 65.600 66.440 0.580
266831 73.920 74.520 0.700
593932 1.480 2.200 0.640
593932 6.480 9.040 0.000
593932 15.200 17.160 0.020
593932 33.480 34.320 0.580
593932 39.320 41.200 0.060
593932 58.920 59.720 0.600
593932 64.920 65.840 0.540
593932 65.720 66.800 0.460
593932 74.000 75.040 0.480
593932 74.920 76.120 0.400
593932 87.000 87.880 0.560
593932 88.200 88.840 0.680
593932 88.960 90.360 0.300
593932 94.320 96.440 0.000
593932 101.960 102.520 0.720
593932 108.920 109.480 0.720
593932 110.800 113.240 0.000
593932 121.600 122.440 0.580
593932 122.600 123.840 0.380
593932 125.680 126.280 0.700
593932 130.600 131.280 0.660
593932 131.400 132.400 0.500
593932 132.400 133.840 0.280
593932 137.000 137.640 0.680
593932 142.680 145.080 0.000
593932 157.360 158.560 0.400
593932 158.880 159.440 0.720
593932 165.000 165.560 0.720
593932 167.680 168.360 0.660
593932 168.160 168.720 0.720
593932 169.200 169.800 0.700
593932 178.520 180.960 0.000
593932 190.840 191.400 0.720
593932 192.120 192.680 0.720
593932 208.040 208.600 0.720
593932 208.520 210.160 0.180
593932 222.760 223.360 0.700
593932 223.280 224.080 0.600
250864 0.320 0.960 0.680
250864 1.600 2.320 0.640
250864 2.560 4.920 0.000
250864 5.840 9.880 0.000
250864 11.840 16.480 0.000
250864 17.640 18.440 0.600
250864 18.280 19.800 0.240
250864 35.280 37.560 0.000
250864 38.200 41.600 0.000
250864 43.520 46.400 0.000
250864 46.280 49.280 0.000
250864 52.760 56.360 0.000
250864 57.960 59.840 0.060
250864 61.240 63.160 0.040
250864 63.360 64.160 0.600
250864 64.480 66.080 0.200
250864 66.600 69.520 0.000
250864 70.320 73.000 0.000
250864 73.520 77.240 0.000
250864 78.840 79.960 0.440
250864 82.800 84.720 0.040
250864 84.560 86.600 0.000
250864 86.960 88.960 0.000
250864 91.440 92.680 0.380
250864 92.600 93.480 0.560
250864 93.480 94.160 0.660
250864 94.640 96.040 0.300
250864 95.880 96.400 0.740
250864 99.680 101.080 0.300
250864 101.120 102.760 0.180
250864 102.720 103.920 0.400
250864 104.920 106.600 0.160
250864 108.200 110.680 0.000
250864 113.440 115.600 0.000
250864 115.560 119.840 0.000
250864 119.960 120.600 0.680
250864 120.440 124.800 0.000
250864 125.880 130.120 0.000
250864 134.960 137.600 0.000
250864 139.120 140.200 0.460
250864 141.000 142.040 0.480
250864 142.640 143.840 0.400
250864 145.600 149.280 0.000
250864 150.080 152.200 0.000
250864 157.600 158.960 0.320
250864 160.320 162.120 0.100
250864 163.840 165.720 0.060
188703 0.360 2.400 0.000
188703 2.440 3.000 0.720
188703 3.800 4.440 0.680
188703 4.360 4.880 0.740
188703 5.360 7.000 0.180
188703 9.080 9.720 0.680
188703 9.840 10.800 0.520
188703 13.560 15.520 0.020
188703 15.360 17.760 0.000
188703 17.560 19.080 0.240
188703 20.400 22.280 0.060
188703 24.680 26.560 0.060
188703 29.160 30.560 0.300
188703 33.160 35.600 0.000
188703 37.320 39.640 0.000
188703 44.520 46.880 0.000
188703 53.200 55.320 0.000
188703 55.240 55.840 0.700
188703 56.720 57.240 0.740
188703 58.400 59.040 0.680
188703 59.240 60.760 0.240
188703 70.800 72.360 0.220
188703 77.360 77.960 0.700
188703 77.840 79.280 0.280
188703 85.440 86.360 0.540
188703 89.200 89.800 0.700
188703 93.520 94.680 0.420
188703 99.320 101.000 0.160
188703 103.480 104.840 0.320
188703 107.520 108.360 0.580
188703 108.960 110.520 0.220
188703 125.240 125.840 0.700
188703 126.680 127.680 0.500
188703 129.360 130.320 0.520
188703 130.600 131.720 0.440
188703 131.560 132.720 0.420
188703 133.800 134.720 0.540
188703 136.680 137.440 0.620
188703 139.720 141.200 0.260
188703 141.120 142.280 0.420
188703 144.240 146.040 0.100
188703 147.520 148.800 0.360
188703 149.440 151.360 0.040
188703 151.440 152.720 0.360
188703 152.880 153.440 0.720
188703 154.760 156.760 0.000
188703 157.200 157.960 0.620
188703 159.360 160.760 0.300
188703 168.280 169.800 0.240
188703 172.360 173.880 0.240
188703 178.800 180.280 0.260
188703 188.000 189.520 0.240
188703 193.520 195.000 0.260
188703 205.040 206.520 0.260
188703 212.080 213.480 0.300
188703 220.800 222.080 0.360
41180 1.280 1.840 0.720
41180 14.320 14.960 0.680
411815 6.080 7.640 0.220
411815 9.200 10.920 0.140
411815 13.280 14.720 0.280
411815 17.080 18.760 0.160
411815 27.880 28.720 0.580
411815 31.640 33.200 0.220
411815 34.160 35.760 0.200
411815 42.040 43.160 0.440
411815 46.840 48.120 0.360
411815 63.160 63.720 0.720
411815 70.520 71.520 0.500
411815 71.440 72.880 0.280
411815 86.720 87.720 0.500
249728 1.520 2.560 0.480
249728 3.520 5.680 0.000
249728 5.840 6.440 0.700
249728 9.120 10.360 0.380
249728 13.360 14.520 0.420
249728 15.800 16.520 0.640
249728 21.720 23.000 0.360
249728 32.760 34.240 0.260
249728 39.600 40.800 0.400
249728 40.920 41.640 0.640
249728 41.640 42.600 0.520
249728 47.800 48.480 0.660
249728 95.000 95.640 0.680
249728 96.080 96.600 0.740
249728 96.480 97.040 0.720
249728 110.880 111.720 0.580
249728 114.080 114.600 0.740
249728 123.600 124.120 0.740
249728 127.320 128.560 0.380
249728 130.640 131.160 0.740
249728 131.840 133.040 0.400
249728 133.200 133.880 0.660
249728 134.600 135.880 0.360
249728 141.880 143.360 0.260
249728 146.920 148.000 0.460
249728 152.080 153.600 0.240
249728 157.280 158.320 0.480
249728 161.920 162.600 0.660
249728 166.440 167.520 0.460
249728 171.560 173.160 0.200
49410 11.480 13.080 0.200
49410 13.440 15.680 0.000
49410 16.680 17.800 0.440
49410 24.600 27.240 0.000
49410 27.680 31.320 0.000
49410 31.560 34.240 0.000
49410 34.280 36.880 0.000
49410 55.200 56.600 0.300
49410 58.040 59.080 0.480
179069 1.280 1.920 0.680
179069 9.640 10.200 0.720
179069 24.480 25.040 0.720
179069 65.240 65.760 0.740
641597 7.480 8.640 0.420
641597 10.520 11.880 0.320
641597 13.000 14.160 0.420
641597 23.520 24.920 0.300
641597 28.920 31.080 0.000
641597 42.520 43.800 0.360
641597 59.800 61.040 0.380
641597 127.560 128.960 0.300
641597 136.600 137.800 0.400
641597 145.680 146.840 0.420
641597 152.360 153.880 0.240
641597 161.560 162.960 0.300
641597 165.920 167.280 0.320
641597 192.720 193.840 0.440
641597 214.280 216.600 0.000
641597 232.320 233.520 0.400
641597 241.400 242.320 0.540
641597 263.680 265.200 0.240
641597 269.680 271.160 0.260
641597 273.320 274.880 0.220
641597 282.680 283.880 0.400
641597 288.240 289.320 0.460
641597 380.720 381.960 0.380
641597 398.080 398.880 0.600
641597 412.960 413.480 0.740
641597 418.920 419.680 0.620
641597 427.240 428.200 0.520
641597 429.440 430.720 0.360
641597 439.440 440.640 0.400
117077 7.080 7.680 0.700
117077 11.840 12.440 0.700
117077 23.560 24.080 0.740
117077 24.360 24.960 0.700
117077 28.120 28.640 0.740
117077 45.640 46.200 0.720
117077 110.600 111.440 0.580
117077 115.760 116.400 0.680
117077 134.120 134.640 0.740
117077 141.280 141.840 0.720
117077 141.680 142.240 0.720
562181 0.640 1.320 0.660
562181 2.080 2.720 0.680
562181 3.760 4.560 0.600
562181 5.880 6.760 0.560
562181 18.040 19.000 0.520
127596 314.120 315.480 0.320
127596 317.640 318.320 0.660
127596 322.200 323.400 0.400
127596 324.400 325.800 0.300
127596 328.960 329.880 0.540
127596 333.560 334.520 0.520
127596 338.960 340.000 0.480
127596 344.640 345.440 0.600
127596 348.280 349.240 0.520
127596 351.280 352.040 0.620
127596 351.920 352.640 0.640
127596 353.880 355.520 0.180
127596 356.680 358.000 0.340
127596 359.440 360.080 0.680
127596 365.120 366.720 0.200
127596 369.720 370.600 0.560
127596 370.480 371.000 0.740
127596 373.200 374.160 0.520
127596 374.200 374.760 0.720
127596 380.080 381.640 0.220
127596 510.560 512.120 0.220
127596 512.880 514.440 0.220
127596 515.240 516.320 0.460
127596 517.680 518.840 0.420
127596 519.320 520.400 0.460
127596 521.880 523.560 0.160
127596 528.360 529.800 0.280
127596 535.080 536.400 0.340
127596 538.240 539.640 0.300
127596 542.680 543.800 0.440
127596 546.840 547.440 0.700
108696 0.640 2.280 0.180
108696 4.800 5.520 0.640
108696 6.680 7.840 0.420
108696 8.680 9.600 0.540
108696 17.120 18.080 0.520
108696 23.040 23.680 0.680
108696 27.760 28.640 0.560
108696 28.560 29.720 0.420
108696 36.400 37.160 0.620
108696 39.840 40.360 0.740
108696 43.520 44.280 0.620
108696 45.360 46.320 0.520
108696 49.080 49.600 0.740
108696 54.920 55.680 0.620
108696 56.920 57.680 0.620
108696 63.680 64.760 0.460
108696 64.640 65.520 0.560
108696 80.480 81.040 0.720
108696 85.480 86.720 0.380
108696 88.040 88.880 0.580
108696 89.240 90.120 0.560
108696 100.920 102.040 0.440
108696 108.240 109.120 0.560
108696 109.000 109.920 0.540
108696 112.320 113.280 0.520
108696 114.240 115.000 0.620
108696 116.640 117.160 0.740
108696 120.280 121.040 0.620
108696 138.480 139.280 0.600
108696 140.160 140.840 0.660
108696 142.560 143.120 0.720
108696 145.240 146.160 0.540
108696 147.600 148.240 0.680
65743 11.840 13.120 0.360
65743 82.480 83.400 0.540
108697 28.120 28.800 0.660
108697 34.920 35.520 0.700
414082 2.120 2.680 0.720
414082 13.600 15.080 0.260
414082 44.880 45.520 0.680
414082 71.840 72.440 0.700
414082 72.400 73.000 0.700
414082 72.840 73.400 0.720
414082 80.760 81.280 0.740
414082 85.240 86.680 0.280
414082 91.720 92.840 0.440
414082 93.880 95.040 0.420
414082 96.880 98.240 0.320
414082 101.200 102.280 0.460
414082 110.920 112.480 0.220
414082 118.120 118.800 0.660
414082 120.560 122.120 0.220
414082 130.360 131.600 0.380
414082 149.040 150.760 0.140
414082 166.640 168.400 0.120
414082 176.920 178.960 0.000
414082 184.640 186.480 0.080
414082 191.680 193.400 0.140
414082 198.560 200.040 0.260
414053 116.120 116.680 0.720
414068 103.000 103.640 0.680
414068 103.800 104.560 0.620
414068 105.200 105.760 0.720
414068 107.960 108.600 0.680
414068 110.800 111.680 0.560
414068 111.520 112.520 0.500
