57795
691475
136297
136296
136298
515874
515879
515875
427814
61089
362283
234286
110614
62025
191812
528869
644830
191813
383144
471162
386446
219404
683332
200333
515881
449632
489575
489581
489576
683259
489579
609160
581240
267146
267145
210511
436458
386448
57796
428103
386563
200329
78535
386072
386053
427334
692900
534126
613869
613870
692897
653659
119161
457270
623795
482943
385010
386451
39947
23725
75190
622635
376770
221675
613862
613861
622444
87306
660809
624547
642411
140199
197408
18074
646315
406133
388881
41372
355339
479650
172712
50585
479656
385913
675415
479649
479659
47395
529602
414342
479648
88423
479652
164789
479653
479655
266831
593932
250864
188703
41180
411815
249728
49410
414066
179069
641597
117077
51026
562181
127596
108696
72264
65743
78808
39986
108697
414093
414062
414082
414053
414068
414076
245349
207259
71294
625090
49801
49802
399272
697613
671945
671930
646998
584590
584257
611177
672209
672659
353312
517769
518896
610266
625081
625109
654760
622533
390181
353100
672239
684460
611194
353362
584030
515244
679126
583866
661435
