691004
639843
639840
639842
639841
639839
110736
263522
156677
479497
627114
627113
612267
167563
106729
511907
437778
437775
515212
479516
479517
479504
162681
98866
274878
515179
515177
515175
386006
431473
431431
640499
515178
568128
515184
582577
127720
23519
269241
219540
623015
570798
128614
515176
325683
127731
361498
640752
143560
143562
607302
219539
157400
640500
327548
45389
456269
640505
263963
263964
263961
263962
263960
324322
263959
143558
257057
324313
534856
648720
127730
351183
349712
349714
127737
127724
184947
110737
425274
546340
515031
515030
515025
515026
515027
515032
161103
212467
