366486
691004
327538
639843
639840
639842
639841
639838
639839
110736
263522
156677
479497
627114
627113
612267
568129
102584
167563
106729
511906
437855
511907
437778
437775
563907
21737
515212
479516
479517
479504
437881
244583
536752
425268
162681
620532
98866
412197
274878
274879
515179
515177
664052
595919
515175
386006
431473
57523
431431
627295
640499
110686
119952
515178
117548
568128
515184
582577
127720
667118
49864
23519
161445
269241
219540
623015
570798
660302
128614
78954
400899
515176
325683
237974
127731
361498
562270
640753
640752
143560
143562
607302
219539
157400
660303
640500
274892
274886
274868
274869
274893
274820
274889
274979
274885
275012
274327
274325
274323
274318
274319
274326
325844
327548
45389
127728
456269
640505
263963
263964
263961
263962
568127
263960
401255
91926
324322
263959
143558
276885
257057
324313
534856
648720
275008
127730
127735
258234
351183
349712
349714
353996
127737
127733
528910
413312
127724
184947
110737
425274
44047
546340
614790
515033
515031
515030
515025
515026
515027
515028
515032
182487
327551
182465
161103
622839
390178
182460
182461
182491
182468
57806
182470
397313
166900
162399
182482
212467
444849
434018
464564
207321
464563
