365133 0.200 0.840 0.680
365133 0.680 1.440 0.620
365133 1.320 2.040 0.640
365133 2.040 2.720 0.660
365133 2.720 3.320 0.700
365133 3.600 4.240 0.680
365133 4.560 5.160 0.700
365133 5.640 6.320 0.660
187261 0.720 1.280 0.720
187261 2.680 3.200 0.740
187261 6.120 6.760 0.680
187261 6.720 7.400 0.660
187261 7.720 8.360 0.680
547601 0.160 0.720 0.720
547601 0.760 1.280 0.740
90029 1.280 1.760 0.760
607225 0.000 0.720 0.640
377563 0.000 0.480 0.760
377563 0.320 0.722 0.799
661785 1.960 2.520 0.720
71902 1.840 2.360 0.740
71902 3.200 3.680 0.760
579416 0.000 0.320 0.840
579416 0.200 0.840 0.680
579416 2.160 2.713 0.723
185134 0.040 0.680 0.680
517790 0.160 0.840 0.660
517792 1.560 2.200 0.680
517789 1.880 2.360 0.760
331131 0.000 0.440 0.780
331131 0.680 1.240 0.720
331131 1.080 1.640 0.720
331131 1.480 1.960 0.760
392033 1.560 2.120 0.720
392033 2.520 2.856 0.832
