642610
331300
614436
614434
643380
150330
515242
476542
262235
262239
262234
262233
262232
443651
443652
150331
430172
433703
614713
249896
645598
168494
168515
661623
168561
632802
638687
638689
638688
638682
638683
638684
530226
645217
645219
637069
637072
645214
645212
645216
645215
645213
645218
645543
435993
435992
642919
642918
641538
546596
368525
371557
430169
367187
371552
371554
367191
371551
371550
262425
410942
642907
642908
645016
690505
263051
259960
428428
634703
635160
691087
689151
690475
676268
47287
47284
47286
636060
274868
671060
274869
609787
275796
648443
30082
30080
30083
219430
491828
563814
523101
433706
433702
433707
433699
34942
518810
553600
518806
418323
418322
553737
620367
620369
620366
572337
582760
609784
480880
609791
609792
609789
609785
609788
609795
81774
81825
609797
350440
177468
529859
329698
693129
693135
693136
643764
643757
643302
564184
670476
670239
670477
670240
112630
262418
665234
316646
558731
677296
447392
465281
317359
447391
625648
216567
671016
668510
671015
518569
519239
680435
672044
672043
672048
674969
637071
565199
670058
509395
634039
634038
634037
218174
212428
575731
457610
457593
28352
316641
316647
414496
529852
644226
350272
645393
643648
643774
644085
643762
643761
643759
643474
643388
643758
645544
644084
645590
645392
643760
633830
643763
645593
645597
249979
253125
253122
253123
253127
489324
394231
368174
86685
403034
641531
641542
641536
617525
440042
352710
316637
3200
670040
170667
146940
315843
103072
223415
529488
690125
109659
9303
89353
127957
633148
109652
274326
633151
274327
274325
274323
274318
274319
562810
258093
396455
687026
558491
468890
468893
468887
468892
558481
558501
558517
558515
558520
558480
558505
558494
558498
558503
558514
558533
468896
558489
468895
468894
444988
274879
70940
181948
189307
189308
189311
189310
189309
192234
349667
349668
349658
349657
349659
404384
499636
620518
664664
674659
668431
668430
674660
532753
620508
620507
620510
620509
471706
274885
649799
274889
274892
274893
275012
274979
609179
364217
402620
367189
402617
411084
499627
499629
672333
536865
392781
409845
349663
349656
584254
588686
588683
588684
534753
409840
529449
594130
399850
349661
668424
668422
668425
564146
643391
670637
641535
644222
674687
536649
643058
588685
519461
575728
641543
137045
367190
673138
349660
644758
447383
349669
643389
643386
643367
641570
620771
638681
100029
541300
668421
455168
640958
174097
215682
382282
643361
499635
623748
195267
182098
506554
499634
403033
210496
697543
181348
499632
275008
243646
243647
643363
439496
499631
220132
245599
349670
246267
243648
536853
499628
185582
262427
499626
266798
264078
264305
264881
514688
413545
608956
528782
411086
467270
650543
499697
682660
121295
405578
445029
483418
645389
645391
316802
18869
692787
692786
692788
643418
81773
692785
692784
422718
112517
112519
368592
144340
144341
64465
523105
432962
569064
569065
136269
491830
644848
190869
190870
464481
11120
635437
566262
566261
103027
594129
157820
264880
566260
440842
217809
37738
7804
54931
164097
112984
22381
243947
512503
275514
243943
243948
243944
620828
399133
439636
131651
131652
505250
131649
409013
212041
429386
383788
383787
476647
254884
125419
550857
429337
364453
219390
396898
176629
471856
443750
346869
443794
377530
37243
436424
568363
638577
634983
83367
568362
529861
182018
170776
170778
111259
671214
93030
170783
588593
317465
671219
671213
671210
522941
522942
318830
505557
564479
430201
545427
545426
443701
449532
392728
413715
472335
416372
444553
444552
444556
444557
444554
124852
124838
124841
124840
124827
124855
124822
124886
124810
124817
124823
124835
124887
124824
124811
124839
124826
331242
472338
644234
338835
345902
101857
47829
163624
124818
505692
183419
179902
219391
219393
219396
338836
639289
163622
266736
126052
104553
219392
442587
440840
219188
523133
474151
474152
474154
474153
474150
689019
564141
443497
401338
391164
391168
391167
391163
391162
391165
391166
391160
391161
82474
267517
396877
275996
541532
447214
429324
523142
672315
472316
409023
472317
490246
557712
103798
396712
171554
553389
683846
472326
172083
187924
152736
187925
267398
267983
60550
427269
427233
70794
157303
550856
157564
523143
509686
419970
94294
490247
172005
427270
123273
213145
266943
26135
575839
523981
575845
346443
152365
474148
439642
406024
136270
138584
422843
82666
536881
695549
553392
112520
262776
46390
176147
19184
152366
508582
564492
617301
585826
126756
150208
366865
519660
135679
645859
618014
417306
336184
613987
585815
318833
101737
23751
195844
238399
390747
37808
12713
12712
157304
339313
503267
186407
267687
608810
173180
266957
266954
266830
267402
266960
266970
