257045
642610
331300
614436
614434
643380
150330
515242
476542
262235
262239
262234
262233
262232
443651
443652
150331
430172
433703
614713
249896
645598
168494
168515
661623
168561
632802
638687
638689
638688
638682
638683
638684
530226
645217
645219
637069
18056
18057
637072
645214
645212
645216
645215
645213
645218
645543
435993
435992
642919
642918
692732
641538
546596
368525
371557
430169
367187
371552
371554
367191
371551
371550
262425
410942
642907
642908
645016
125919
690505
263051
259960
428428
634703
635160
691087
689151
690475
676268
47285
47287
47284
47286
636060
274868
671060
274869
609787
275796
469123
469122
648443
30082
30080
30083
219430
491828
563814
523101
433706
433702
433707
433699
34942
518810
553600
518806
418323
418322
553737
620367
620369
620366
572337
582760
609784
480880
609791
609792
609789
609785
609796
609788
609795
81774
81825
559827
609797
350440
177468
529859
329698
83628
693129
693128
693135
693136
643764
643757
643302
564184
670476
670239
670477
670240
112630
540060
635028
262418
665234
316646
558731
677296
447392
465281
317359
447391
625648
216567
671016
668510
671015
518569
519239
17930
680435
672044
672043
18883
17929
672048
674969
637071
698628
565199
670058
509395
634039
634038
634037
218174
218175
212428
575731
457610
457593
28352
316641
316647
414496
529852
644226
350272
645393
643648
643774
644085
643762
643761
643759
643474
643388
643758
645544
644084
645590
645392
643471
643760
633830
643763
645593
645597
249979
253125
253122
253123
253127
489324
394231
18452
368174
395421
344682
86685
388858
388857
403034
641531
641542
641536
440844
617525
440042
352710
316637
3200
670040
170667
146940
401341
315843
103072
223415
529488
690125
109659
9303
89353
127957
633148
109652
274326
245761
633151
274327
274325
274323
274318
274319
562810
258093
396455
687026
558491
468890
468893
468887
468892
558481
558501
558500
558517
558515
558520
558480
558505
558482
558494
558498
558503
558514
558533
558483
468896
558489
468895
468894
444988
274878
274879
70940
181948
189307
189308
189311
189310
189309
192234
349667
349668
349658
349657
349659
404384
499636
620518
664664
674659
668431
668430
674660
532753
620508
620507
620510
620509
471706
274885
580311
649799
274889
274892
274893
275012
274979
609179
364217
402620
367189
402617
411084
499627
499629
662060
672333
620525
536865
392740
392781
392731
392766
38486
409845
349663
349656
584254
588686
588683
588684
534753
409840
529449
594130
399850
349661
668424
668422
608725
668429
668426
668428
668427
668425
668423
564146
643391
670637
641535
644222
674687
536649
643058
588685
519461
575728
641543
137045
367190
673138
349660
696624
540059
651684
644758
447383
386993
349669
643389
643386
643367
641570
620771
638681
100029
541300
668421
455168
151483
640958
174097
215682
382282
643361
499635
157874
623748
195267
182098
536866
506554
499634
403033
210496
697543
578767
181348
416510
499632
275008
243642
243646
243647
643363
439496
499631
220132
245599
567738
349670
246267
243648
536853
251691
251685
499628
185582
262427
262360
417750
499626
266798
264078
264305
264881
514688
413545
447447
608956
528782
411086
467270
650543
499697
682660
159605
121295
405578
18879
636957
445029
483418
645389
645391
316802
18868
18869
18870
692787
692786
692788
643418
81773
692785
692784
422718
112517
112519
368592
144340
144341
64465
579309
523105
432962
569064
569065
136269
491830
644848
157888
190869
190870
464481
11120
635437
566262
566261
103027
594129
157820
157819
214876
264880
566260
440842
217809
37738
7804
54931
164097
112984
35783
22381
243947
353562
512503
275514
609793
243943
243948
243944
620828
399133
439636
481738
131651
131652
505250
131649
391296
409013
212041
419994
429386
383788
383787
655877
383785
476647
383786
419179
634958
634956
634957
187632
201319
254884
653030
187351
544103
125419
384100
550857
61277
429337
364453
326916
429326
640218
429315
407515
219390
664203
144259
144253
402631
396898
346231
522658
176629
471856
443750
346869
349097
339414
170808
443794
474691
377530
37243
491054
436424
94295
568363
638577
634983
83367
634984
144113
646979
331384
544112
568362
124795
655357
529861
684602
671205
164095
170809
182018
671204
170776
170778
491056
111259
634955
544102
671214
671208
93030
671215
671217
671211
671212
671206
671216
37226
170783
671209
588593
317465
71937
671219
671213
554704
170807
671210
366940
118985
480687
407685
84337
238306
522941
522942
648883
648881
648878
648879
648880
318830
505557
400890
404402
419156
564479
430201
321824
472190
321048
446388
383350
545427
545420
545426
547578
650414
443701
430235
449532
561795
392728
413715
35208
627922
472335
320673
409843
609535
66784
558783
416372
416375
444553
444552
444556
444557
444554
571346
121783
121784
132741
132745
132744
124852
124838
124841
124840
124821
124827
124855
124822
124886
124810
124817
124823
124835
124887
124824
124811
124820
124839
124826
327682
343689
569061
331242
399625
407693
472338
644234
338835
371301
556642
345902
536869
85728
101857
412744
47829
156903
163624
163625
132739
124818
650669
650672
650676
650665
650663
650680
650693
650694
650678
650688
650682
650695
650679
505692
650691
650689
650692
650687
650677
650673
650671
650666
650667
650664
650668
650660
527780
650654
650648
650658
650662
650655
650659
650657
650661
650645
174498
324451
634985
183345
183346
183417
183269
183283
183420
183422
183418
183266
183270
183280
183268
183277
183278
183285
183299
183348
183416
183279
183271
183281
183419
183434
183220
183274
183276
183347
183207
183272
183286
183267
183282
689703
210195
237394
132743
181220
179902
180158
58515
132742
21316
219391
219393
132740
219396
181217
338836
183265
639289
679737
261207
261214
417197
257921
558684
676031
464993
163622
263508
266736
261209
264529
261208
126052
104553
168018
399079
481742
14770
14614
14619
14620
14621
16672
14616
14615
14609
479073
219392
83753
442587
442590
440840
219188
523137
523133
658231
474151
474152
474154
474153
474150
442909
558163
443495
689019
60681
564141
429343
103797
443497
401338
31400
391164
391168
391167
391163
391162
391165
391166
391160
31391
31389
31395
31401
31412
31404
31394
31402
31406
31390
31396
391161
89996
87264
412935
395025
662243
662248
662239
31800
31802
31799
37638
37637
37635
37636
37633
459937
37634
82474
267517
152982
396877
502923
275996
203702
86247
543219
541532
459606
363655
595409
429334
447214
429324
523142
672315
612738
472316
650961
409023
125421
595395
456760
472317
490246
557712
103798
396712
17278
171554
471944
553389
683846
429318
235568
472326
473997
172083
187258
187268
187269
187924
419967
491944
435957
152736
335259
433651
187925
334061
267398
366215
267983
439637
60550
427269
427233
543843
344967
409015
70794
328123
555948
157303
550856
157564
427123
523143
595387
544113
436033
595428
509686
499047
595391
419970
94294
15557
490247
172005
488301
108162
138075
427270
644037
427242
592177
123273
659183
86258
42971
514481
213145
363795
466628
266943
26135
414498
653969
575839
523981
72034
575845
346443
152365
149904
474148
439642
482843
138319
595433
542327
542341
595431
69775
406024
71260
378584
689783
371825
136270
138321
138080
138584
422843
82666
3508
542342
595389
536881
630020
695549
371788
595434
553392
112520
262776
46390
399929
641782
55003
1928
1927
1930
1926
535591
207224
176147
635001
543213
103964
103963
19184
155007
152366
635002
542337
508582
564492
663941
617301
449469
325940
585826
69196
66650
57773
595432
442588
126756
150208
366865
502091
3500
437433
138314
639085
66538
44619
624531
519660
642091
642092
95930
135679
522180
414889
645859
618014
417306
336184
31320
663981
613987
75870
75278
585815
445598
445594
445604
138059
138069
138052
138071
138057
138058
319186
547669
83627
87270
318833
101737
101796
101734
23751
172255
334635
215967
66714
154785
195844
113319
238403
238399
128788
40158
390747
31277
31278
31279
37808
479087
12713
87453
22587
12712
157304
238394
238404
238407
238405
238409
238419
238401
255338
390749
593706
593789
12675
74815
66678
339313
517737
451252
503267
348268
46684
46683
46687
46685
46686
16014
153310
79874
186407
238391
238389
238388
274138
267687
79121
546018
233383
34200
425275
366366
631848
32733
68301
592685
135900
366363
113237
451253
608810
404127
490310
25839
173180
33245
632136
366216
223722
223723
365814
25822
631842
135434
266957
74238
402773
232716
232713
232723
232715
201852
176734
344496
238075
266954
74237
190506
266830
267402
684143
315858
217138
315928
266960
668659
93844
93846
93834
93845
93835
324586
266970
