638427
182393
468911
272225
455653
68345
388896
654644
654645
516891
258388
258394
233976
513142
218539
263677
571670
579088
342638
326490
585513
383138
563892
183673
534484
440830
275765
540654
561315
117602
277512
263970
638922
530196
440856
237983
269089
633804
339992
237078
140453
24255
24256
366546
382287
522882
420538
490080
384126
516649
366695
272359
453464
453465
421957
616843
523447
334675
197997
265578
642773
653225
515413
87265
317666
698670
210366
317667
459164
410818
26400
587866
587870
540017
86165
248317
640474
671313
60646
680410
248316
680408
363135
520910
162662
235719
541008
613056
204236
83606
496493
463370
101279
543142
137261
137262
123711
123710
264811
563764
563012
478565
382313
108239
575267
240234
552723
442576
594680
616404
537289
124579
86179
87605
100159
84532
214316
238830
185947
332961
464897
66790
693540
127171
17499
127312
616839
571622
342607
518009
127170
127343
462456
52305
523110
569025
17539
588302
149344
149345
161473
81203
429188
563766
