485711
368813
368812
368808
368809
404843
360329
326724
260611
520684
115126
151793
151796
151797
151795
51361
51362
689006
689004
689005
151800
579877
587031
579884
579879
579875
579880
579874
579881
579878
579882
579876
261585
61304
264103
264105
264099
264100
264104
264102
262896
16460
16462
85675
202603
541759
541760
85718
586016
394354
370893
376205
404844
409093
409095
494167
586607
370892
407519
337173
337178
337174
13659
271010
676387
13658
154795
337176
501041
353044
410559
492206
462827
676375
462826
542729
351296
50936
624924
624931
624930
157812
261098
131891
66437
66436
66435
79190
476773
188629
188627
188630
238958
195826
368319
368322
250105
491962
412542
404845
404846
412544
58928
62501
42862
2014
456988
539139
209685
209679
209680
553077
262399
97998
176539
522397
64942
119903
212526
222603
556951
568135
97150
551003
266753
453042
115833
649339
261007
501124
467879
60749
60750
149836
371090
624925
542990
567857
250964
467880
110269
84936
110272
106719
84937
84938
103193
98002
50451
50449
130734
214632
215156
99689
160435
585839
233970
233969
585345
110969
97999
270876
270873
270879
270877
270871
270875
270874
98005
98004
50452
270878
390621
364354
98003
483381
178187
98001
50450
179831
98244
98238
98240
98241
76243
76247
559317
2011
2010
522384
167679
331709
414931
414930
75131
423095
