485711
368813
368812
368808
368809
404843
360329
326724
260611
151794
151791
520684
115126
151792
151793
151796
151797
689002
151795
51361
51362
689006
689004
689005
151800
579877
587031
579884
579879
579875
579880
579874
579881
579878
579882
579876
261585
261580
61304
264103
264105
264099
264100
264104
264102
262896
277474
16463
16460
16465
16462
85676
85675
520683
202603
541759
541760
85718
586016
660550
394354
370893
376205
412545
404844
409093
409095
409094
494167
96705
586607
370892
407519
409096
337173
337178
337174
636540
13659
271010
676387
13658
154795
337176
337175
337172
406614
445487
501041
353044
410559
131592
406581
23392
445482
492206
462827
676375
462826
542729
445484
351296
50936
362818
515652
624924
624931
624930
157812
637302
261098
131891
66437
66436
66435
79190
50937
476773
188629
188627
188630
238958
195826
368319
368322
250105
491962
412542
404845
404846
412544
58928
62501
42862
2014
456988
539139
209685
209679
209680
209676
209675
553077
262398
262399
202428
97998
176539
522397
64942
119903
212526
222603
556951
352877
649338
568135
97150
551003
266753
453042
64314
115833
649339
261007
501124
170358
420857
467879
60749
60750
149836
371090
77063
624917
624919
624925
542990
567857
77061
250964
444682
467880
443811
399003
110269
108618
84936
110272
106719
546156
84937
84938
103193
97156
98002
50451
50449
130734
214632
215156
99689
160435
585839
233970
233969
585345
110969
97999
676579
270876
270873
270879
270877
270871
270875
270874
98005
613892
98004
50452
678235
554954
445483
270878
390621
390620
364354
623431
98003
483381
350990
178187
98001
50450
9538
151264
179831
98244
98238
98240
151261
151259
151260
98241
684894
625232
76243
76247
109868
174074
559317
2011
2012
2010
620166
522384
109926
167679
406612
580333
191904
246200
50043
191354
411441
528123
564878
259604
196146
331709
395502
361601
414931
414930
26389
420873
278108
18071
370227
223622
361596
42142
18064
18063
18070
7125
7124
420874
255806
75131
255109
200183
200181
200184
200182
423095
160757
531444
194911
321800
244492
