340860
328132
131526
131505
388479
555162
388478
388477
467901
673324
15417
15416
15415
15414
466858
85680
508698
335022
85681
79207
619944
570223
260710
560070
79205
79206
79208
201259
630415
408371
496470
79204
444151
164803
436501
85950
449589
361381
328032
408562
469198
138971
560228
216124
327922
71220
456842
496472
562894
562893
562892
216123
250840
494042
187265
384570
447937
618114
404532
62661
181784
444030
592423
522078
216120
469296
235606
177155
610158
610159
235763
696352
696353
353058
264529
393425
325616
631798
615428
154777
452702
184696
611010
595616
555155
217380
650368
250701
250705
60352
531536
94994
138080
12661
184571
7742
63865
415291
405212
35026
569540
652598
135632
135631
134961
34972
328091
167689
595907
442369
630009
466589
79051
85711
157289
157288
267949
234862
352849
344486
327466
389762
427903
419117
325453
332008
443317
12660
643998
466591
132944
542126
328131
335743
394323
85454
404510
626827
81115
615908
619917
575516
644005
321246
274666
644002
83625
325449
51207
190463
515161
485508
662503
443207
444751
464692
571307
564232
79176
82663
171549
268832
267946
175929
53666
378337
378475
340866
340865
340867
332538
268833
256681
445192
119936
401139
404141
234885
684510
580665
580667
580666
187264
271478
629972
154458
482775
246402
587313
201308
394113
153413
377118
619920
499417
153337
