42955
42953
42954
42956
516443
25481
612883
518568
641703
575619
685582
182721
182731
135127
641697
164901
517211
377258
516209
641694
641695
381268
276887
473977
160992
621851
114722
218863
641690
373808
373834
373846
373850
373861
373778
373780
373783
373789
373791
373795
373816
373838
373849
373815
373844
373851
373854
373857
373788
373784
373831
373794
373793
373797
373805
373809
373804
373810
373814
373819
373855
373821
373824
373835
373840
373842
373905
373803
373781
373782
373823
373779
373836
373856
373818
373811
373820
373853
373879
373790
373860
373785
373787
373792
373798
373802
373812
373822
373827
373832
373864
373806
373800
373900
373786
373858
373796
373799
373801
373839
384070
373772
373753
373760
373769
373773
373754
373776
373768
373750
373751
373752
373761
373765
373756
373771
373757
373775
373749
373758
373763
373770
373748
373767
373762
373759
372072
