42955
42953
42954
42956
516443
25481
612883
516652
518568
641703
575619
685582
182721
182731
182385
182390
135128
135127
641697
164901
182389
161825
517211
377258
516209
641694
641695
381268
276887
473977
371579
160992
621851
621852
114722
218863
641690
373876
373808
373828
373834
373846
373850
373867
373874
373881
373898
373908
373861
373778
373780
373783
373789
373791
373795
373816
373830
373833
373838
373849
373871
373875
373878
373885
373888
373904
373815
373844
373851
373854
373857
373880
373907
373845
373788
373873
373891
373784
373831
373794
373793
373797
373805
373809
373804
373810
373814
373819
373855
373821
373824
373825
373835
373840
373841
373842
373848
373866
373882
373870
373884
373886
373889
373890
373892
373894
373896
373899
373901
373905
373906
373803
373781
373782
373895
373823
373862
373863
373829
373872
373779
373836
373883
373856
373818
373811
373820
373853
373869
373879
373865
373790
373860
373785
373787
373792
373798
373802
373807
373812
373817
373822
373827
373832
373837
373843
373847
373852
373859
373864
373868
373877
373887
373893
373897
373903
373806
373800
373900
373786
373858
373796
373799
373801
373839
373813
373826
373902
384070
373772
373764
373753
373760
373769
373773
373774
373754
373776
373768
373750
373751
373752
373761
373765
373766
373756
373771
373757
373775
373749
373755
373758
373763
373770
373777
373748
373767
373762
373759
648108
160675
193328
646333
417324
120092
120091
372072
500375
202505
202506
