353154
54961
54962
19862
19865
19867
151215
391170
364483
364482
27885
536729
264042
467123
72450
220626
238495
221800
432176
42924
42927
42920
42921
42922
42923
42925
448858
448864
348233
446769
514794
488283
484992
484991
111302
140301
471104
643340
50781
406645
618486
124787
124788
124791
124790
238494
240365
111303
219590
111304
615047
541193
443687
4668
406648
471435
406646
409747
406644
641453
495425
412854
428739
10866
70787
406647
628690
406643
352750
406642
264043
234212
234220
578137
390174
234185
234219
461966
530912
279045
252287
343925
654544
219176
235792
671503
426637
234186
656818
234211
391171
682882
391177
391172
446071
429946
363855
323445
323447
323446
323448
235519
471128
363769
491821
14626
446272
446271
447276
59095
59097
451019
635222
498044
498054
207778
386530
316945
316947
316946
316951
316944
316950
386528
275388
612739
409503
364611
163383
488272
484721
161849
422342
689927
416076
471661
642834
345435
119514
334907
506711
516696
479133
138311
75809
49729
194655
137758
233186
21885
437259
20813
