353154
643751
643750
54961
54962
19862
19865
19867
151215
391170
364483
364482
27885
99954
536729
264042
27883
467123
220625
27886
72450
220626
181889
238495
221800
16111
16110
16982
16113
16112
432176
42924
42927
42920
42921
42922
42923
42925
448858
448864
348233
446769
514794
488283
484992
484991
111302
140301
471104
643340
50781
406645
618486
124787
124788
124791
124790
238494
240365
111303
219590
111304
615047
434183
541193
443687
4668
406648
364250
471435
406646
409747
406644
641453
495425
412854
428739
15125
15129
15130
15132
15134
15137
15135
15133
15131
15136
15126
15128
15138
15127
15139
10865
10872
10850
10849
10854
10871
10857
10858
10859
10860
10866
10868
10870
10869
10853
10867
70787
406647
169812
628690
406643
352750
220622
15124
406642
264043
234212
234220
578137
390174
172398
234185
234219
324730
461966
530912
279045
252287
343925
654544
219176
235792
671503
426637
234186
656818
234211
391171
682882
391177
391172
446071
429946
363855
323445
323447
323446
323448
235519
471128
363769
491821
14626
446272
446271
447276
59089
59080
59079
59086
59077
59072
59073
59096
59075
59083
59093
59094
59074
59076
59078
59085
59092
59095
59082
59088
59087
59081
59097
59098
59084
59090
59091
451019
635222
498044
498054
207778
386530
316945
316947
316946
316951
316944
316950
386528
275388
612739
13684
409503
364611
207291
163383
488272
484721
161849
422342
210622
210623
690667
689927
416076
500406
471661
391595
642834
345435
119514
160083
323496
334907
35751
506711
516696
479133
138311
75809
481895
61138
49729
194655
555716
137758
234518
233186
21885
215160
656286
408103
437259
20813
239122
239131
239123
255377
411493
411494
411492
