580786
567920
580784
559893
559892
559897
533520
587052
394945
559899
559898
644838
644833
644836
644840
644839
644834
644837
561694
561686
559895
559894
561684
561691
561692
532976
560224
201301
636224
509231
152976
390833
559902
531486
468096
618538
216126
221398
334990
447909
423648
672744
594527
448466
119135
560170
79388
466336
334963
461812
559545
443971
333579
377138
379418
508621
334962
538521
348369
622528
580870
538944
629996
456778
463927
560076
657155
216131
329776
539146
442514
656047
368463
352413
659971
122801
449498
551182
104168
523156
192069
144120
444155
449446
501855
250390
341832
527386
344220
508677
426259
661836
449585
416196
268968
232795
185808
449466
592491
474016
502487
622162
93135
274932
274927
274931
320102
347690
215744
380066
470610
330900
475415
371367
503637
585778
62458
233476
232965
517762
233396
442260
215745
257788
7968
554015
233233
269713
516845
232831
181004
620375
546909
195223
252715
460032
135
137
419431
587777
534603
515407
152586
152702
611779
233232
186147
660387
332178
561103
261181
233020
577816
512146
648564
660391
449502
565167
584006
567266
153271
185630
353711
368097
332179
680714
492782
174434
509171
443624
619946
448935
669970
154692
205091
256290
267504
403446
368794
364116
367078
643557
685984
468037
661709
390828
388485
562661
240280
676577
212522
326291
135872
386759
620787
449486
428520
144105
468330
257039
134962
681920
559690
367177
365073
448487
571855
571857
571858
155572
155573
155574
155575
155568
144106
547651
266776
323432
431657
267302
649919
52237
489382
489386
562420
353609
677658
636908
534428
263036
350627
79045
185260
507143
643558
569871
14579
153246
181264
185050
324134
232981
677350
174433
586897
584622
469295
467986
404247
464249
508837
563605
533334
615915
630013
629500
452801
583981
585918
515343
585459
391541
399740
644168
531230
448913
596867
620020
91465
411545
636468
164658
654241
424752
561100
228602
596868
43551
387162
179385
188233
331158
331347
250359
624499
335020
678237
328941
145492
363701
377462
673322
379073
379100
379068
560129
461459
419512
67101
180973
185884
449450
138188
557825
175334
419936
424742
461877
491263
499469
419965
594606
216125
419958
411014
188616
395239
185314
563056
620053
34890
593917
497353
83499
52270
563057
446054
560390
557744
503627
402858
533481
78952
246401
335898
650005
460223
671075
186036
