580786
567920
580784
559893
559892
559897
533520
587052
394945
562738
559899
559898
644838
644833
644836
644840
644839
644834
644837
561694
561693
561674
561686
559895
559894
561684
561667
561688
561691
561692
625278
532976
560224
201301
636224
509231
561682
152976
390833
559902
649078
531486
468096
618538
216126
221398
334990
447909
423648
672744
594527
671090
448466
119135
560170
79388
466336
334963
461812
559545
443971
333579
377138
379418
508621
334962
538521
348369
622528
580870
538944
629996
456778
463927
560076
657155
216131
329776
539146
442514
656047
368463
352413
659971
122801
411737
449498
551182
104168
523156
192069
144120
274399
444155
449446
501855
250390
341832
527386
344220
508677
426259
661836
449585
584632
416196
171096
268968
232795
185808
274398
274397
645921
546950
449466
592491
51397
474016
502487
622162
499176
93135
274932
274927
274931
320102
347690
215744
380066
470610
330900
475415
371367
503637
585778
62458
233476
232965
517762
233396
467982
442260
390450
51315
215745
257788
456777
7968
671252
554015
515810
233233
269713
516845
232831
181004
620375
546909
197954
195223
252715
460032
135
137
419431
587777
534603
515407
152586
152702
611779
233232
186147
660387
332178
561103
261181
233020
577816
512146
648564
660391
449502
565167
584006
567266
153271
185630
353711
368097
332179
350936
680714
492782
174434
509171
443624
619946
448935
669970
154692
205091
256290
267504
403446
368794
364116
367078
643557
685984
594636
468037
688660
661709
523253
390828
388485
562666
562661
240280
676577
212522
186501
186509
186510
326291
561101
135872
386759
650008
620787
537573
449486
428520
144105
468330
682243
682245
257039
134962
263053
681920
559690
367177
365073
448487
571855
571857
571858
683685
155572
155573
155574
155575
155568
144106
547651
266776
323432
431657
267302
649919
72815
52237
425684
144546
144547
489383
489382
489386
562420
353609
677658
636908
528292
72816
534428
84411
159280
159256
159259
159247
159253
159249
159255
159289
159246
159258
159254
159252
159292
159257
159250
159261
159290
466049
263036
350627
79045
185260
507143
861
617257
64283
64260
64305
64237
64238
64239
64246
64248
64252
64254
64256
64258
64262
64265
64266
64276
64279
64284
64308
64236
64264
64241
64261
64269
64287
64288
64242
64255
64304
64231
64235
64243
64244
64253
64259
64263
64282
64295
64257
64268
64281
64290
64307
64306
64286
64277
643558
569871
14579
153246
181264
185050
350935
324134
232981
677350
174433
478260
586897
595135
584622
501729
448465
577863
469295
467986
404247
464249
582401
508837
563605
533334
615915
630013
629500
26776
452801
410673
4297
583981
585918
515343
585459
391541
399740
623490
623485
623479
623484
623486
623492
623493
623478
623480
623482
623483
623477
623481
629383
412511
644168
644165
644170
475456
410668
410667
410675
410671
410678
410665
410672
410677
410676
410670
410666
410669
410674
413761
410655
410657
410652
410654
410656
410653
410660
410662
410649
410659
410658
410663
410661
410664
410636
410646
410635
410642
410643
410641
410645
410648
410647
410638
410637
410632
410640
410644
410634
629429
531230
511962
410630
410633
410631
410629
448913
596867
132051
132063
132064
132052
132050
125408
124031
562678
527255
682254
682247
682253
682246
563730
557819
506292
85123
467891
547343
620020
91465
96925
411545
410651
26475
636468
629436
24489
24505
24479
24469
24510
24420
24507
164658
654241
511963
216005
130027
424752
222802
223317
682255
561100
561099
228602
235235
176144
596868
43551
241210
387162
179385
186497
185261
188233
331158
331347
250359
624499
335020
335015
321435
678237
273665
457084
328941
511961
145492
363701
377462
467188
673322
379073
379099
379100
379068
347544
560129
461459
419512
67101
180973
560109
185884
449450
138188
557825
175334
116470
116472
66902
66898
66900
66897
66905
66906
66904
66907
419936
424742
461877
491263
499469
14212
14213
337887
337886
337883
337888
337908
337925
337969
337971
337881
337904
337899
337939
337928
337944
337963
337970
337950
337958
337961
337945
337882
337884
337929
337938
337894
337924
337949
337957
337889
337910
337921
337931
337941
337951
337964
337972
337885
337895
337918
337936
337947
337960
337981
337890
337946
337897
337926
337959
337911
337932
337955
337952
337923
337930
337940
563055
419965
594606
216125
336021
419958
411014
188616
395239
562677
15912
185314
66885
66881
66882
66884
66887
66880
66886
563056
620053
34890
593917
66844
66842
66841
497353
144500
83499
52270
563057
318759
624817
254927
446054
71421
71420
71422
509441
440791
560390
343475
343476
343474
343472
562682
557744
401755
140265
7621
9902
337443
134739
628431
619312
16190
34058
34059
34061
34062
503627
402858
26846
26847
7627
559783
30733
217561
533481
424903
611307
30727
85129
78952
635642
18128
18127
18126
246401
575786
232916
316789
69587
335898
580694
364927
11846
11848
11850
11853
11855
11856
11852
11845
11854
11847
11851
11844
11849
93792
18129
218446
218447
218442
218444
218443
317457
390461
650005
8681
8697
8753
8756
8764
8750
8687
8751
8752
8757
8763
8765
8766
8755
8689
8754
8691
110561
460223
671075
217109
29627
330798
29628
29626
29624
29625
186036
582484
63256
582479
582478
582481
131722
131721
401301
351284
351285
