628800
628801
628797
628798
628796
628799
639856
639862
639859
508361
508353
508329
508328
508364
508365
508362
508327
508334
508345
508348
508357
508350
508344
508347
508352
508359
508332
639860
639857
639870
639855
534715
534720
476829
30084
462870
653483
520149
566926
400896
415877
427943
103355
109822
427941
427937
427940
427938
427939
315942
315855
315856
315850
315849
216499
582201
567085
330706
517917
516906
563705
556354
697384
697386
697387
320627
564025
607931
607930
541221
541220
320626
517919
517918
437584
132991
529884
483442
157407
474095
572704
3069
448077
400121
582927
541219
558112
566552
541286
115073
191450
400585
35206
558795
607928
517920
529659
76626
557336
557335
390513
82603
562405
