545482
545481
198265
531475
198407
248048
248047
467856
637070
254472
564943
637074
219770
564396
563815
368384
368386
407606
411662
406955
412202
406729
405596
405443
486920
484511
482284
625388
391300
578241
462476
512765
628586
459457
459459
164609
53978
416657
416640
416662
416649
416673
416670
416674
416652
416671
416655
416676
416666
416661
416665
416645
416647
416669
416653
416656
416642
416663
416646
416651
416650
416648
416675
416639
113229
467966
59041
59040
431617
439333
168689
468336
636960
636961
564938
223847
