370179
370180
370177
370182
370178
454609
454610
454612
454611
42202
223671
223672
223673
534263
391905
609725
459547
333693
333694
386027
411057
133043
326455
258180
258179
88457
88456
274751
275067
275064
352927
148849
233062
238863
632225
632226
632227
685111
550251
531027
531021
531022
346171
116779
210022
378911
550253
408233
404100
476874
384582
257763
353233
140150
513941
353232
396551
656256
593731
655836
180737
449947
241948
571298
571299
212127
531026
531019
531018
621481
494802
135773
370743
656257
656255
655835
563938
51712
212128
547701
547693
547700
547694
547702
547699
531024
531023
531028
576058
546154
439447
9218
509629
415298
79180
181988
144145
267331
326206
198385
198388
485978
68986
323129
100359
610662
532751
396420
152759
65414
65416
47362
33244
51826
692782
350560
193395
166732
6819
323128
323133
204907
498676
462032
462030
655818
655817
675866
532649
691309
96146
547886
547883
547887
185056
453202
36428
117187
655574
655573
152490
403188
562012
