454610
454612
454611
223671
223673
391905
609725
333693
333694
386027
133043
326455
258180
258179
88456
274751
275067
275064
352927
148849
233062
238863
632225
632226
632227
685111
550251
531021
531022
210022
408233
476874
257763
353232
656256
655836
180737
531018
494802
135773
656257
656255
655835
563938
212128
547702
531024
531023
531028
576058
546154
439447
509629
415298
144145
198385
198388
68986
323129
610662
51826
193395
166732
323128
323133
204907
655817
675866
532649
691309
96146
547886
547883
185056
117187
655573
403188
562012
