370179
370180
370177
370182
370178
186719
454609
454610
454612
454611
42202
223671
223672
223673
534263
391905
26039
401631
532126
173000
173001
609725
672016
459547
635854
635856
646714
333696
333695
333693
333694
386027
411057
524868
133043
326455
258180
258179
88457
88456
274751
275066
275067
275064
352927
465399
168709
148849
476175
233062
621784
238863
639427
202029
529950
563354
456161
632225
632226
632227
685111
332563
550251
531027
531021
531022
346171
116779
210022
378911
550253
408233
404100
476874
384582
257763
209897
182879
353233
140150
513941
353232
396551
368279
368280
431320
656256
593731
404981
476176
655836
442923
457922
180737
449947
241948
571293
571298
571299
571300
196569
212127
639432
531026
531019
531018
621481
494802
135773
218851
370743
656257
435921
625132
656255
655835
1032
563938
187792
51709
51698
51699
51708
51712
51711
532802
532803
212128
212129
19875
547701
547693
547697
547700
547694
547702
547699
376745
376747
531024
531023
531028
425927
576058
546154
439447
30085
9218
51714
51717
51716
51715
51713
509629
315689
415298
79180
19589
181988
144145
267331
326206
7112
456162
198385
198388
198401
198402
198390
485978
663840
257552
257557
257555
582687
68986
323129
100359
610662
532751
396420
152759
2256
11878
65414
65416
47362
170165
170166
249303
33244
198403
232008
51826
232005
232004
232007
232002
232001
232006
232003
568394
399092
692782
350560
193395
431669
166732
171755
446511
6818
6817
6819
537464
323128
323133
204907
498676
462032
462030
106803
494803
655818
655817
675866
533267
532649
582630
691309
96146
660862
547886
547883
547887
185056
453202
75637
660861
36428
117187
655574
655573
70045
686265
152490
660863
562011
562010
562009
403188
562012
562013
