416439
583291
452756
441881
245080
486427
545034
180933
274831
99683
457055
67761
434668
343424
74686
153541
126523
567151
616597
562808
73142
520576
380207
76433
554324
586598
351380
71177
244809
563324
81876
563321
322261
322260
585569
352862
613963
34624
532086
198529
346945
583300
143925
516666
245890
522933
318883
32936
165077
341603
486332
506934
506933
630582
550917
218169
243018
444045
441875
457063
475745
678023
637149
486424
577092
74968
39012
697044
350676
86163
45986
118572
330287
260175
345096
574855
565084
57185
57184
654938
192744
647281
654939
260176
350671
205714
453742
453594
60594
541172
89291
275195
82265
509739
410408
74951
455663
195773
143972
33391
33390
176635
425224
351532
25523
28776
535878
76998
98123
329811
118586
79581
189162
334974
76120
241015
241014
322231
53813
53812
681469
460315
138249
537471
537545
484111
484112
611935
250038
270374
270375
270376
270432
270433
208080
481727
205955
545031
584048
631647
270373
98537
572100
572099
156493
688650
688651
43802
548375
529896
548376
7328
231366
128465
167022
126273
532878
145482
60595
550999
417854
438137
266896
390494
420828
101396
94699
101342
28808
169616
575240
575207
321187
38642
155379
504933
453599
453600
438014
648331
80772
80771
173104
178527
336649
438012
24074
522900
637902
253295
254514
254893
255120
255258
127439
453746
332322
244783
255701
251521
534431
73300
105173
80774
30204
332380
11687
535763
73303
107944
211937
211938
211939
243721
243720
171974
243722
243723
76896
76897
76898
288868
288866
270294
270292
270293
270287
270295
