583291
583292
583279
33391
33390
583300
22394
57607
522638
522651
522644
522631
522633
441881
681469
184626
444045
273436
377003
558060
540226
441875
572425
537471
143925
138249
128363
194862
246497
335890
370872
259227
343424
484112
484111
611935
149744
270376
270375
270355
270374
215188
457607
653632
522933
475745
20049
164829
184284
669137
99683
324113
205955
545031
688633
360291
487108
336782
245080
584048
588537
338676
336846
486427
486424
525106
318883
545034
631647
397191
472615
472614
577092
258353
74968
372613
399822
39012
102564
416439
270352
270373
215190
467212
427333
499520
250039
250040
180933
315911
155397
457033
23243
79865
584050
594147
675295
260175
419740
417970
153541
688651
688650
345096
481727
546861
548375
34522
529896
548376
60353
445904
7328
142027
118572
235261
397636
529092
180324
266362
117509
475081
174820
532878
317740
479423
575265
100484
534681
350676
145482
17076
68395
45986
634922
347875
369181
250522
668624
330287
504726
586598
351380
364855
454979
71177
453856
479421
616807
260176
258212
486332
582963
483586
417142
428951
494341
249945
171563
640796
32680
516131
520915
399022
399021
60595
192744
571931
351919
39926
24648
436526
23403
126273
338675
350672
519657
616584
574855
573168
353518
565084
73142
585904
637149
630582
685785
646591
398208
573166
647281
577311
243008
575207
563324
575846
622774
481724
352596
689101
523429
86163
269376
126523
376711
395686
649004
350671
575368
504933
616597
550917
495888
454209
453594
453597
453596
453601
452519
350677
413905
450584
451062
413907
253942
554291
212097
550999
541172
396762
462834
385774
383137
370983
685745
439572
244311
352991
275195
484276
575240
213580
438014
447563
196273
336649
338120
35290
351236
7327
74680
529785
405297
520771
403181
73611
646883
76433
400995
57887
60594
22504
24796
24208
171305
91476
91475
653807
648331
188402
491853
457055
89291
81876
67761
636576
146706
473537
82265
637902
436566
352579
637857
637145
591855
684940
689051
689363
690957
689718
690963
640660
648795
692849
253295
254893
244781
254514
255258
322060
574298
573667
641521
563321
179504
434587
322261
255120
697044
697042
322260
380207
516666
406937
451029
451087
451218
453746
452520
217570
468912
345246
438871
475098
474562
498231
232694
438016
383746
195773
336727
434668
359177
507713
522900
167817
73360
78001
61693
259904
385105
46732
258352
435054
22392
24643
57110
98733
476761
125740
106482
149304
674666
255701
244783
251521
451206
165157
223355
376375
536717
269043
161395
251570
203355
508891
398663
413699
461832
372908
372909
345601
269870
438184
426445
426446
496737
496735
435819
161930
30204
30206
30205
34523
32536
32537
688114
391135
517496
535405
521661
73361
608438
77902
77016
59138
380148
176651
332380
203356
435438
456721
7059
21930
19935
78444
615083
176635
102566
102670
405282
94699
101342
212979
87940
238834
197706
238836
334902
127012
106746
696340
244521
394146
512630
238835
11687
495544
238430
615086
174736
155379
679105
615085
577871
577932
674214
679341
653102
608437
615080
424918
376616
615081
201067
484277
419317
680649
181653
539746
539747
661230
238431
33346
688722
37911
36602
68153
76084
584589
329811
56415
332480
615082
269211
269210
507745
274344
54947
54949
54950
54948
54951
54538
17535
177479
19996
20206
24370
78446
104287
91291
585570
97659
101396
478641
177478
189162
125177
130459
130458
130460
105323
14831
192141
270996
270287
167498
582277
582276
171974
582279
435956
465732
635338
648493
447485
270288
680650
417021
417634
274438
484275
484089
436408
683129
278195
243721
243719
243718
243720
369196
270293
270294
270292
270295
686597
667706
689713
689714
169230
169257
249665
249664
195887
269764
686382
181188
384474
645451
31073
36597
36784
535763
380146
467463
76120
525239
66415
77013
76998
436405
686380
473958
272330
22813
103652
456127
674230
392485
692854
692855
118393
114175
187203
123688
130587
689054
377150
150337
499598
232111
514712
633944
243716
410584
381679
77001
61279
191091
243717
255262
687904
243726
243727
529603
169860
547544
72580
76997
137289
613735
554584
322133
201207
617453
506419
528240
528701
417633
439699
547908
541900
623126
504958
671970
676639
672411
607116
139321
533099
