118816
58627
449933
365779
414260
13713
130508
136779
452362
214196
214195
635572
635573
62267
138992
138986
138991
138985
138988
138987
138996
138993
78206
78209
78203
545311
366083
630459
121790
594437
538346
216132
671427
136521
501027
118973
180520
125320
416207
655739
403518
536198
139959
78207
78205
78204
675391
519371
398275
17297
594701
84755
50504
558993
558995
558994
50503
641664
641661
641660
641662
641643
641644
641645
641647
641650
641642
641646
328069
641663
641649
641651
47365
47367
698414
464701
50936
565224
588199
588198
32263
663281
475356
475355
530863
7614
46488
212044
