85137
691978
521093
610067
640804
36958
271968
36956
163381
163378
64134
591495
64522
71203
64130
324523
324524
163385
237660
237661
237655
237652
402569
36959
36960
100326
100329
100330
100317
100332
100322
100320
100316
100319
100325
100309
100306
100314
100311
271969
383771
96201
96196
96198
96197
650661
650655
650662
650666
650672
650687
650647
650654
650659
650693
650657
650660
650663
650676
650680
650648
650694
650658
650678
650669
650688
650664
650665
650667
650671
650673
650674
650675
650677
650679
650682
650683
650689
650691
650692
650695
650668
650645
490248
490249
578269
253827
686223
383776
71206
71205
71198
71208
558387
120026
519498
381948
556642
85750
183547
183550
245891
508867
97975
654918
61066
177050
183545
221907
61419
183548
183546
183551
595436
39415
383653
205967
383895
389628
83093
690450
135716
385879
63486
104426
320778
141375
74642
257798
444989
74656
120468
120469
120471
120473
120470
642932
74674
74654
65163
65164
65159
65161
66030
672206
74657
695570
536000
329334
66869
66023
446415
545
104425
509804
524317
555468
573745
660810
454562
65249
588592
574845
518701
518700
158739
118092
324451
537613
63489
221906
523930
320779
74662
74634
130331
413408
329121
612220
536004
689997
173986
524121
524116
524123
124738
582215
70171
58286
405902
110046
336003
643094
55023
57281
262421
677711
80076
55354
492763
686822
686225
26216
48449
110045
69452
70082
431621
68431
68645
688393
68644
567779
567776
564635
556505
556506
52837
321824
126017
615064
623167
622412
620576
623168
44601
60966
88511
622409
100082
44602
475236
109601
615063
558473
561204
558127
558475
558476
64523
121147
523468
537997
365761
461318
461312
405870
245884
101874
101873
101872
101875
616327
462017
497102
497104
83644
679417
64532
