85137
266450
640798
691978
521093
610067
640804
242750
36958
271968
36956
456536
456550
456529
456539
456542
456534
456544
456549
456551
456555
456533
456530
456556
456552
456545
456558
456528
456535
456531
456546
456548
456557
163381
163378
64134
591495
64522
71203
64130
324523
324524
324519
456543
163385
237660
237661
237655
237652
237653
237658
237659
402569
36959
36960
100326
100329
100330
100317
100332
100322
100320
100338
100336
100316
100319
100325
100309
100306
100314
100311
271969
383771
96201
96196
96198
96197
96200
650661
650655
650662
650666
650672
650687
650647
650654
650659
650693
650657
650660
650663
650676
650680
650648
650694
650658
650678
650669
650688
650664
650665
650667
650671
650673
650674
650675
650677
650679
650682
650683
650689
650691
650692
650695
650668
650645
188749
490248
490249
578269
253827
69500
686223
686335
383776
456532
456537
456547
456554
456540
456553
71206
71205
71198
71208
558387
120026
519498
381948
556641
556642
85750
183547
183550
396899
245891
508867
97975
654918
61066
177050
183545
221907
61419
183548
183546
183551
137008
595436
39415
383653
205967
58922
674231
383895
389628
554191
83093
690450
135716
385879
121783
63486
104426
320778
436834
141375
74642
257798
444989
74656
120468
120469
120471
120473
120472
120470
642932
74669
74670
74674
74654
610513
65163
65164
65159
65161
66030
56496
672206
74641
74658
74640
74657
74633
695570
391279
536000
329334
66869
66023
446415
545
104425
160198
160197
436832
243996
454782
509804
524317
555468
573745
65151
660810
415013
454562
65249
588592
243995
574845
345040
65474
59871
514485
518701
518700
671213
158739
118092
21116
324451
537613
50288
63489
221906
523930
320779
74662
74671
74634
467274
134999
130331
413408
329121
612220
328276
160173
536004
367214
689997
173986
524653
524121
524096
524116
524123
123345
66868
124738
582215
70171
58286
405902
342444
110046
677654
336003
643268
643094
55023
57281
672446
26217
106998
262421
262423
676097
677711
674263
80076
55354
492763
686822
686225
26216
48449
638599
110045
160199
111670
69452
70082
64530
431621
44598
68431
68645
688393
642931
642794
68644
567778
567779
567776
564635
235196
98616
15837
333780
642928
288892
556505
556506
52837
126019
321824
126017
444093
615064
623167
49130
422635
622412
620576
623168
109597
429748
429743
44601
60966
88511
622409
58257
100082
110926
257215
44602
475236
109601
254278
254281
254279
254276
253880
615063
469888
558473
561204
125210
110925
558127
558475
558476
61691
64523
121147
121146
439283
523468
537997
466989
365761
461318
461312
156485
391164
63479
63471
63492
63478
405870
245884
101874
101873
101872
101875
211179
616327
328406
50289
155449
155444
405881
462017
102712
497102
497104
582041
21045
583492
83644
679417
100157
75472
583493
67396
64532
75446
21048
132394
514704
655168
424302
575802
399923
