102888
469707
188551
164446
264352
45484
351034
351037
351032
351017
351006
351012
351013
351023
351027
351029
351040
351043
351052
351046
351048
351067
351080
351079
351082
351091
351095
351100
351031
351038
351074
351036
351081
351077
351073
351056
351015
351005
351007
351008
351009
351010
351011
351016
351018
351019
351022
351024
351025
351026
351030
351033
351039
351041
351044
351045
351051
351057
351064
351065
351066
351068
351069
351071
351072
351076
351078
351083
351096
351097
351042
351014
351035
351049
351084
351090
351094
351099
414011
