102886
102888
178310
102887
252279
540036
641823
454682
79972
360785
564460
182311
486145
469707
188551
519971
510770
2875
164446
264352
483138
320235
699373
177096
45484
569928
569929
150041
667109
417324
351053
351034
351037
351028
351032
351017
351006
351012
351013
351020
351021
351023
351027
351029
351040
351043
351052
351046
351048
351050
351060
351067
351080
351079
351082
351087
351086
351091
351092
351095
351100
351004
351031
351038
351074
351036
351098
351081
351077
351073
351056
351015
351003
351005
351007
351008
351009
351010
351011
351016
351018
351019
351022
351024
351025
351026
351030
351033
351039
351041
351044
351045
351047
351051
351054
351057
351058
351064
351065
351066
351068
351069
351070
351071
351072
351076
351078
351083
351085
351089
351093
351096
351097
351002
351042
351001
351014
351035
351049
351055
351059
351075
351084
351090
351094
351099
132130
176353
414011
