361303
326243
677289
677287
543520
452797
377536
326301
326304
326300
560127
199333
569149
569147
14800
516924
516922
216036
216035
216028
216030
216034
540728
420038
392085
17271
199331
199326
128700
128693
128699
89848
89843
89853
89856
89858
89857
89842
468279
390677
471931
468267
344584
94714
250956
176155
512287
508871
445148
434473
461196
542509
161815
320485
514816
351625
23701
412253
562850
562840
366387
437570
491205
591452
326311
404529
624705
649849
407198
630005
254198
383808
222762
254199
20297
382658
444428
20298
235666
534601
560355
446024
429209
108441
82548
11536
349891
683680
217927
408217
54777
528188
567951
321955
339001
207305
507938
593633
331989
662071
683686
690240
215549
381344
46293
19884
233513
394879
490872
619782
366280
622975
366552
3982
560352
174612
366585
28297
128282
486930
366553
16823
561992
172586
235539
353499
570205
655269
594403
431416
655064
26911
146407
653422
74924
420117
420061
335068
249576
320486
629966
461940
339013
431528
461844
67781
85705
6985
325827
561098
590129
491682
490873
420465
655462
525275
533176
525267
95556
338994
83487
94716
490101
685978
176371
250199
627406
627679
65534
131476
249547
542669
325828
461200
321978
18051
250045
467301
559896
559900
559901
520436
520438
520440
520439
520443
654219
119101
361674
361673
140463
639669
216516
216524
275215
542188
651294
627380
460792
418374
460793
668140
435829
561483
561482
339010
401261
491673
491679
490864
7767
481912
543022
493064
435831
543153
429917
127613
418859
467292
467291
612576
612589
612579
209657
643611
415303
19914
492606
17918
216038
216039
391752
460806
460803
460796
460801
460799
391767
655561
325771
470168
466323
655641
585760
655643
402155
389663
523461
481835
624892
488519
40535
40536
40541
40540
40543
364735
215950
43429
211246
176548
655650
275706
275709
275713
275705
275710
324674
366941
591411
106135
140488
140484
140489
140486
140492
209750
29859
423126
35830
94701
444802
254978
189675
35829
209752
460798
460797
460802
460800
593787
543528
631642
464579
366183
79353
514233
684041
9099
516165
462272
654833
66756
593611
322211
11482
163088
163086
654835
654836
432555
677352
641840
363133
533429
547585
497668
497678
210225
322307
622766
101591
101581
101582
101590
101588
101592
