361303
326243
677289
677287
132466
132468
132463
85144
82169
79414
79548
79549
543520
452797
377536
326303
326301
326302
326304
326300
364770
560127
199333
569150
569149
569146
569147
437517
437518
437520
569148
14800
89840
89841
89839
89838
516924
507738
516922
199360
159323
220112
262544
199812
199814
199815
442561
216036
216035
216031
216023
216028
216030
216034
162777
482902
466638
67390
362711
134936
540728
420038
392085
17271
199331
199325
199363
199361
199362
199326
128700
128689
128694
128688
128693
128699
89849
89848
89852
89843
89846
89845
89884
89883
89879
89853
89856
89851
89850
89858
89857
89855
89847
89880
89882
89885
89842
89886
409135
468279
390677
471931
468267
344584
639300
126067
126066
94714
250956
176155
512287
508871
445148
434473
577890
461196
542509
349462
161815
320485
86000
537934
85999
199396
199395
514816
351625
91
23702
23701
436776
412253
562850
562839
562840
215006
27867
71182
682644
484509
366387
437570
491205
560950
110522
591452
326311
404529
624705
649849
407198
630005
254198
383808
222762
254199
20297
382658
444428
20298
235666
89748
430715
534601
560355
368077
393157
487037
446024
429209
108441
367260
82548
94673
11536
174074
594141
153086
349891
683680
217927
199330
199334
199329
199327
408217
54777
92
321954
528188
567951
321955
110485
339001
443241
207305
411533
533776
381350
668748
507938
491037
491033
593633
82549
331989
408550
365612
662071
683686
690240
215549
366880
381344
46293
19884
233513
185826
394879
490872
619782
627015
37998
366280
622975
469195
559291
366552
3982
240266
560352
201150
174612
175556
366585
28297
128282
486930
381338
366553
16822
16823
561992
172586
235539
353499
570205
679389
60923
655269
594403
122863
431416
655064
26911
74925
146407
537180
653422
57275
57276
57273
57277
57274
74924
420117
335181
420061
335068
57900
96488
326710
655266
212830
249576
320488
320489
320487
320486
629966
576088
321959
595458
606949
679396
461940
483236
178606
339013
639469
431528
381332
365336
128711
128716
128718
128713
128717
128720
50170
89750
560304
461844
67781
85705
6985
16824
325827
668141
668142
561098
408313
667959
667954
667937
667950
667933
668754
590129
367257
491682
408904
469255
490873
443590
420465
655462
534383
525275
66813
446467
533176
525267
674157
95556
367266
338994
83487
94716
17177
490101
685978
154466
211173
176371
250199
349458
349460
349456
421702
627358
627365
627378
627389
627369
627355
627393
627392
627404
627394
627334
627407
627804
627359
627352
627351
627803
627792
627388
628028
627387
627390
627790
627278
627399
627356
627397
627718
627366
627391
627396
627405
627852
627266
627338
627367
627395
627398
627240
627374
627370
627406
627371
627503
627402
627670
627681
627696
627708
627713
627722
627671
627703
627716
627728
627801
627675
627683
627698
627690
627686
627672
627700
627682
627676
627704
627623
627674
627678
627697
627701
627702
627705
627723
627732
627679
627629
627687
627677
627780
627673
627706
627506
627707
627699
57899
70891
65534
330805
131476
249547
542669
325828
461200
583012
321975
321978
18051
366713
456525
250045
467301
559896
559900
559901
520436
520438
520440
520439
520443
654219
119101
361674
361673
50171
140463
639669
9237
216516
216524
243853
275215
542188
651294
259217
259173
627380
627400
627403
627381
627382
627384
627379
627383
627401
627889
627385
627375
627386
627685
627693
627692
627695
627711
627712
627689
627688
627694
627691
627710
627684
627714
627709
460792
371671
418374
460793
25392
668004
668257
668252
668140
668747
435829
561483
561482
339010
401261
491673
690277
491679
327485
690275
490864
7767
429913
481912
690278
543022
71911
627909
493064
42532
690276
435831
543153
429917
559287
543273
127613
617390
418859
9441
9442
9443
467292
467291
612576
612589
612579
209657
373375
373376
373377
373378
579644
643611
415303
19914
492606
17918
625655
445278
140400
140398
345902
216026
216027
216024
216038
216039
140399
391752
483276
460806
460803
460796
460801
460799
391767
654858
655561
325771
470168
639763
466323
401901
655641
585760
655643
402155
389663
523461
481835
624892
401900
368775
488519
426822
402154
654108
40532
40535
40536
40541
40533
40534
40540
40543
17178
43434
43430
43428
43433
43426
43432
43427
364735
513687
540015
215950
43429
149765
211246
338730
176548
366724
52140
655650
275706
275709
275713
275705
275710
585771
178082
110005
324674
366941
591411
518806
106135
518810
618170
140488
140484
140489
140486
79570
461894
140490
399661
140492
209750
29859
60999
678409
423126
540016
669471
35830
94700
94701
444802
248190
254978
189675
182034
150452
35829
209752
460798
460797
460802
460800
404122
593787
543528
490751
367003
407523
631642
464579
366183
79353
141111
514233
684041
150457
9099
48709
394930
136468
516165
434569
462272
595818
654833
86735
540129
66756
427667
593611
488518
322211
54482
11482
163078
163088
163094
163084
163089
163092
163075
163086
163079
163080
163093
455270
161622
163083
654835
654836
582030
125209
162261
432555
622764
677352
447141
641837
641840
641838
641841
363133
641839
30187
256220
256219
256221
256251
533429
547585
497676
497679
497680
497681
497682
497683
497684
497685
497686
497687
497688
497689
497690
497691
497692
497662
497661
497656
497659
497660
497657
497658
497671
497664
497670
497663
497675
497667
497665
497666
497668
497673
497672
497669
497674
497677
497678
26155
436029
631739
48711
210225
106881
397398
395032
396321
397235
394962
395420
322307
622766
411917
536912
578770
101555
101558
101560
101579
101591
101598
101609
101621
101596
101581
101614
101553
101556
101580
101559
101570
101565
101567
101568
101569
101572
101575
101576
101577
101578
101582
101583
101584
101605
101586
101590
101588
101592
101593
101599
101600
101601
101604
101606
101607
101611
101612
101618
101613
101637
101561
101562
101564
101566
101573
101574
101608
101610
101615
101616
101594
101602
101595
101597
101603
101551
101554
101557
101622
101626
101627
101630
101635
101638
101571
101552
410826
250732
484269
101563
