469412
469411
537684
70052
174869
46092
117120
117121
543658
508727
520194
393662
499440
43806
70938
242055
261497
595821
339103
375136
375137
375138
375139
375140
26273
67359
87393
187768
453145
62878
607880
67358
268809
382620
562799
393666
277508
535896
560396
178603
609081
697843
58016
627182
571326
129161
622765
540975
405358
602918
602913
45932
338973
45933
581381
428175
463058
167542
536383
431651
156868
485848
167543
88121
184067
64199
64197
86970
273750
684143
532821
543182
658846
465953
535897
561284
76952
466772
447433
462436
258169
245025
201945
571306
331356
611982
322205
333617
108192
324579
570944
203720
579846
378257
505211
240672
172353
479902
174021
98525
479900
538449
90230
539591
180141
121239
75744
110095
48731
171977
494234
