330299
491448
539350
662307
86065
469412
469411
537684
70052
277381
174869
46092
117120
117121
543658
508727
520194
393662
499440
610093
43806
70938
242055
477183
261497
37681
595821
253694
527703
240207
339103
375136
375137
375138
375139
375140
26273
67359
87393
187768
453145
62878
607880
321680
321679
321682
321683
321685
321681
607878
319014
319013
28191
67358
188004
268809
382620
562799
451068
418964
393666
277508
361333
535896
560396
178603
402083
202418
609081
697843
58016
627182
571326
129161
622765
540975
70170
405358
602918
602913
602917
602915
45932
338973
602914
45933
581381
428175
463058
410858
167542
536383
104473
431651
108642
203569
156868
171094
485558
485848
167543
162719
88121
469779
208651
122988
184067
64199
64197
86970
531037
273750
684143
532821
621423
543182
514016
658848
658846
465953
545416
560223
684872
535897
564923
696175
561284
428620
516461
72835
76952
466772
574703
392743
447433
392742
684873
462436
108011
108010
125103
34733
464554
104292
104291
104295
104293
104294
103579
103580
89605
390965
2787
390964
166371
440419
244917
165341
258169
245025
201945
201869
697824
198296
184961
571306
331356
584287
108012
611982
337754
322205
333617
500146
108192
324466
640759
324579
200265
570944
691477
591109
661948
528659
345349
345684
528658
203720
579846
376364
172129
378257
505211
240672
608235
172353
595801
479902
174021
98525
35749
479900
538449
90230
539591
645776
275905
383021
126343
180141
121239
75744
50409
612063
110095
48731
49755
275899
577343
238764
541259
661152
75237
171977
494234
