427849
339357
162092
339341
689121
148151
590175
213378
678704
88491
88492
360848
323356
468746
119157
627788
433795
591070
636158
636061
636053
636159
521557
62863
624887
391888
411050
429093
522620
682493
406968
250972
350437
149996
111415
240503
221794
221793
240514
134776
163685
163684
240515
198313
198311
135721
240516
162567
162568
162566
161484
192406
192405
192403
149344
149345
192374
137834
81542
81528
81530
81543
81527
81529
81531
81526
192404
192408
506265
520148
491626
491623
491624
491627
491625
491629
625485
625490
625489
625481
319584
347775
654971
354709
460199
460197
460198
460196
460200
460195
460201
463037
459780
459779
459778
621455
621456
390587
354647
354403
354450
354413
354433
354442
354445
354443
354549
354592
354612
354620
354624
354634
354643
354646
354671
354668
354355
246996
247055
247041
246986
246995
247054
247038
247050
247047
247048
247051
247013
246593
246693
246579
246604
246605
246606
246618
246623
246576
246628
246677
246682
246684
246686
246688
246691
246702
246703
246704
246709
246714
246942
246944
246578
246584
246595
246596
246602
246608
246607
246613
246580
246585
246586
354692
354978
354679
354703
354751
354753
354754
354755
354780
354793
354820
354835
354888
354907
354919
354770
354827
354882
354987
354993
354766
354725
354784
354816
355006
355010
354695
354732
355029
247014
354416
354379
354474
354522
354526
354426
354481
354483
354344
354410
354508
354350
354353
354377
354402
354412
354419
354420
354427
354430
354470
354459
354471
354473
354485
354487
354490
354499
354502
354504
354512
354532
354514
354523
354528
354531
354530
354535
354548
354545
354560
354570
354582
354583
354595
354610
354622
354614
354621
354654
354660
354488
354492
354362
354364
354357
354498
354503
354507
354611
354376
354378
354384
354385
354393
354453
354465
354500
354506
354436
354574
354619
354626
354636
354640
354584
354587
354536
354547
354565
354585
354388
354600
354632
354642
354653
354658
354673
354345
354356
247031
246973
246978
247027
247005
247006
247007
247008
247022
247023
246959
246958
246963
246969
246953
246955
246956
246954
360255
145429
145447
145427
145430
145431
145433
454703
145428
145432
454704
33662
162054
115222
115398
32922
32923
