427849	0.474
339357	0.555
162092	0.465
339341	0.556
689121	0.509
148151	0.589
590175	0.612
213378	0.683
678704	0.552
88491	0.573
88492	0.617
180239	0.402
671900	0.064
360848	0.555
627796	0.330
323356	0.581
679049	0.113
468746	0.579
119157	0.560
115582	0.166
596497	0.235
596498	0.253
627788	0.612
203363	0.380
524920	-0.084
433795	0.595
591070	0.564
624585	0.400
578505	0.408
469225	0.268
433878	0.343
636158	0.508
636061	0.516
636053	0.508
636159	0.518
612567	0.414
69769	0.300
531459	0.252
134747	0.199
521557	0.563
596502	0.164
192148	0.194
678907	0.398
592755	-0.122
236976	0.135
619154	0.305
612202	0.109
62863	0.479
632014	0.222
624887	0.458
133477	0.200
339861	0.376
391888	0.536
411050	0.517
278956	0.304
369208	0.241
543623	0.088
429093	0.542
171936	0.320
522620	0.468
54043	0.431
382474	0.143
368491	0.089
682493	0.660
520191	0.277
406968	0.476
678439	0.414
460212	0.111
528775	0.057
250972	0.548
350437	0.459
149996	0.508
111415	0.628
240503	0.569
221794	0.590
221793	0.577
240514	0.593
134776	0.610
149995	0.434
163685	0.540
163684	0.557
240515	0.546
198313	0.499
198312	0.436
198310	0.473
198311	0.536
135721	0.602
240516	0.554
240502	0.437
81533	0.100
81532	0.333
162567	0.585
162568	0.529
162566	0.624
161484	0.628
192406	0.539
192405	0.547
192403	0.596
149344	0.498
149345	0.536
192374	0.483
352824	0.153
137834	0.475
134777	0.405
81542	0.624
81528	0.543
81530	0.586
81543	0.596
81527	0.644
81529	0.482
81531	0.660
81526	0.560
192404	0.535
192408	0.552
346454	0.033
506265	0.580
520148	0.480
384230	0.448
491626	0.582
491623	0.539
491624	0.495
491628	0.278
491627	0.475
491625	0.517
491629	0.480
625488	0.309
625485	0.544
625490	0.609
625489	0.516
625481	0.629
319584	0.477
347775	0.618
690455	0.042
654971	0.492
462260	0.424
353160	0.338
564909	0.289
354702	0.372
354813	0.353
354951	0.439
354981	0.381
355002	0.428
355016	0.438
354699	0.340
354707	0.400
354711	0.390
354713	0.359
354785	0.379
354814	0.332
354838	0.410
354854	0.404
354878	0.348
354893	0.410
354899	0.439
354734	0.388
354955	0.388
355022	0.388
355023	0.413
354921	0.391
354969	0.445
354881	0.390
354947	0.370
354948	0.380
354682	0.418
354824	0.365
354853	0.405
354926	0.374
354709	0.459
354718	0.374
354724	0.388
354706	0.427
354721	0.406
354688	0.391
460199	0.600
460197	0.541
460198	0.567
460196	0.563
460200	0.602
460195	0.536
460201	0.600
463037	0.529
459780	0.515
459779	0.515
459778	0.477
621455	0.476
621456	0.509
568776	0.343
390587	0.573
361080	0.404
354638	0.422
354647	0.456
354403	0.456
354527	0.440
354540	0.360
354641	0.401
354672	0.370
354397	0.346
354434	0.330
354439	0.437
354444	0.443
354372	0.371
354396	0.443
354375	0.417
354450	0.495
354387	0.444
354399	0.395
354404	0.435
354400	0.432
354405	0.439
354413	0.453
354433	0.485
354435	0.401
354440	0.396
354442	0.489
354445	0.478
354447	0.430
354443	0.474
354446	0.406
354449	0.391
354451	0.410
354509	0.418
354511	0.359
354529	0.441
354538	0.372
354541	0.396
354549	0.512
354592	0.503
354601	0.393
354602	0.448
354612	0.464
354620	0.510
354623	0.396
354624	0.508
354625	0.408
354627	0.419
354634	0.455
354639	0.404
354643	0.467
354646	0.474
354652	0.378
354656	0.412
354671	0.480
354657	0.343
354667	0.388
354668	0.471
354366	0.261
354354	0.444
354355	0.474
354360	0.403
354367	0.416
354371	0.430
354386	0.404
354391	0.333
354392	0.396
354534	0.436
354398	0.423
354437	0.422
354438	0.442
354441	0.324
354452	0.401
354515	0.448
354494	0.418
246998	0.383
246996	0.464
247000	0.358
247046	0.436
247053	0.417
247055	0.524
247040	0.394
247041	0.472
247043	0.427
247044	0.416
247049	0.443
246997	0.415
246985	0.386
246980	0.394
246981	0.345
246983	0.433
246984	0.411
246986	0.466
246988	0.297
246990	0.369
246993	0.394
247004	0.421
246995	0.465
247001	0.449
247054	0.455
247035	0.436
247036	0.377
247037	0.443
247038	0.472
247042	0.434
247045	0.399
247050	0.453
247047	0.488
247048	0.508
247051	0.481
247052	0.437
247039	0.408
246994	0.377
246999	0.436
247013	0.457
246979	0.391
246982	0.379
246987	0.422
246989	0.355
246991	0.391
246992	0.404
246673	0.407
246640	0.364
246642	0.443
246644	0.393
246648	0.393
246652	0.346
246949	0.442
246937	0.387
246938	0.354
246947	0.387
246593	0.464
246626	0.431
246634	0.382
246693	0.467
246522	0.377
246565	0.425
246566	0.447
246568	0.396
246570	0.420
246571	0.420
246574	0.398
246575	0.440
246579	0.483
246597	0.402
246598	0.443
246600	0.376
246601	0.409
246604	0.462
246605	0.500
246606	0.477
246611	0.424
246614	0.410
246616	0.412
246618	0.456
246619	0.405
246621	0.403
246623	0.490
246624	0.389
246659	0.382
246661	0.361
246662	0.387
246663	0.369
246664	0.259
246666	0.399
246668	0.434
246669	0.415
246678	0.362
246679	0.416
246683	0.433
246706	0.375
246707	0.435
246710	0.438
246576	0.477
246612	0.375
246617	0.427
246628	0.462
246631	0.409
246635	0.426
246638	0.418
246641	0.410
246643	0.396
246645	0.391
246646	0.384
246647	0.398
246650	0.408
246651	0.374
246654	0.412
246655	0.329
246656	0.390
246658	0.369
246660	0.367
246667	0.417
246670	0.447
246671	0.399
246672	0.418
246674	0.389
246675	0.360
246676	0.445
246677	0.468
246680	0.419
246681	0.373
246682	0.454
246684	0.455
246685	0.411
246700	0.417
246686	0.498
246687	0.418
246688	0.502
246689	0.400
246690	0.428
246691	0.494
246692	0.434
246694	0.431
246695	0.374
246697	0.345
246698	0.383
246699	0.389
246701	0.438
246702	0.482
246703	0.466
246704	0.452
246705	0.421
246709	0.462
246708	0.449
246712	0.410
246713	0.445
246714	0.477
246711	0.410
246939	0.381
246941	0.433
246942	0.471
246940	0.411
246943	0.409
246944	0.488
246946	0.355
246945	0.406
246948	0.406
246950	0.421
246952	0.373
246951	0.341
246572	0.418
246563	0.417
246567	0.389
246569	0.445
246573	0.442
246578	0.458
246581	0.401
246584	0.479
246590	0.430
246591	0.368
246595	0.458
246596	0.453
246602	0.461
246603	0.401
246608	0.480
246609	0.410
246607	0.461
246613	0.451
246615	0.421
246622	0.396
246630	0.424
246633	0.379
246636	0.396
246583	0.434
246580	0.461
246582	0.428
246585	0.459
246586	0.499
246587	0.425
246588	0.447
246589	0.394
246592	0.421
246594	0.440
246564	0.409
246599	0.370
246610	0.412
246627	0.424
246629	0.433
246632	0.363
246639	0.388
246696	0.399
246523	0.446
246521	0.390
246620	0.422
246637	0.392
246649	0.397
246653	0.350
246657	0.436
246665	0.359
246625	0.401
246577	0.385
354687	0.367
354683	0.418
354692	0.470
354747	0.422
354750	0.405
354756	0.424
354757	0.387
354759	0.367
354818	0.385
354845	0.400
354978	0.460
354676	0.390
354679	0.473
354703	0.455
354715	0.438
354728	0.401
354740	0.390
354748	0.447
354751	0.455
354753	0.446
354754	0.451
354755	0.499
354762	0.425
354769	0.446
354780	0.461
354793	0.538
354795	0.420
354796	0.439
354803	0.443
354810	0.438
354820	0.473
354823	0.418
354831	0.391
354832	0.396
354835	0.452
354834	0.417
354837	0.395
354855	0.410
354862	0.417
354866	0.400
354870	0.449
354872	0.426
354874	0.394
354885	0.403
354886	0.440
354888	0.480
354894	0.397
354944	0.415
354970	0.418
354986	0.435
354989	0.445
354999	0.416
354903	0.446
354916	0.436
354913	0.412
354920	0.388
354935	0.447
354950	0.422
354961	0.404
354984	0.416
354985	0.399
354990	0.445
354994	0.370
354996	0.403
355020	0.350
355024	0.423
354797	0.427
354799	0.425
354806	0.418
354904	0.416
354906	0.438
354907	0.477
354908	0.387
354909	0.421
354918	0.380
354919	0.462
354941	0.368
354946	0.366
354949	0.436
354952	0.408
354954	0.389
354956	0.396
354965	0.434
354967	0.422
354971	0.377
354972	0.404
354973	0.373
354975	0.414
354976	0.381
354876	0.399
354839	0.382
354763	0.392
354765	0.420
354770	0.480
354771	0.389
354825	0.449
354827	0.470
354829	0.438
354851	0.419
354857	0.407
354860	0.427
354867	0.412
354868	0.371
354882	0.461
354922	0.442
354940	0.393
354987	0.543
354993	0.453
354766	0.461
354828	0.392
354859	0.407
354863	0.437
354864	0.369
354725	0.448
354746	0.407
354784	0.458
354816	0.479
354821	0.433
355001	0.437
355003	0.387
355005	0.395
355006	0.452
355008	0.385
355010	0.470
355014	0.379
354695	0.504
354720	0.380
354732	0.448
354743	0.402
354752	0.407
355021	0.420
355025	0.395
355028	0.357
355029	0.447
355032	0.421
354710	0.449
354738	0.390
354786	0.415
354790	0.440
354933	0.413
354977	0.403
247014	0.522
360256	0.383
354380	0.429
354414	0.398
354416	0.479
354486	0.446
354497	0.422
354603	0.400
354577	0.406
354555	0.380
354379	0.466
354469	0.383
354474	0.508
354480	0.397
354517	0.351
354522	0.470
354526	0.461
354373	0.432
354406	0.420
354426	0.478
354478	0.408
354479	0.442
354481	0.478
354482	0.420
354483	0.491
354344	0.546
354349	0.447
354410	0.475
354508	0.492
354394	0.447
354348	0.397
354350	0.483
354353	0.472
354358	0.442
354377	0.486
354382	0.425
354389	0.409
354402	0.546
354409	0.389
354411	0.431
354412	0.552
354415	0.371
354417	0.390
354419	0.480
354420	0.489
354422	0.392
354423	0.384
354424	0.430
354425	0.428
354427	0.473
354428	0.383
354429	0.404
354430	0.461
354432	0.447
354470	0.478
354455	0.442
354456	0.400
354467	0.439
354458	0.392
354459	0.456
354468	0.390
354471	0.486
354472	0.345
354473	0.540
354475	0.404
354476	0.400
354477	0.385
354485	0.486
354487	0.482
354489	0.413
354491	0.443
354490	0.458
354493	0.444
354495	0.387
354496	0.374
354499	0.461
354502	0.464
354504	0.472
354512	0.450
354532	0.469
354513	0.421
354525	0.401
354514	0.465
354516	0.440
354518	0.440
354523	0.464
354519	0.298
354521	0.443
354520	0.377
354524	0.443
354528	0.469
354554	0.423
354531	0.453
354530	0.474
354535	0.477
354537	0.439
354539	0.400
354543	0.453
354548	0.453
354545	0.470
354551	0.425
354556	0.428
354558	0.369
354557	0.330
354559	0.371
354560	0.451
354561	0.421
354567	0.358
354570	0.482
354571	0.348
354573	0.406
354572	0.447
354575	0.390
354576	0.376
354579	0.394
354581	0.405
354582	0.450
354583	0.483
354586	0.391
354588	0.418
354594	0.420
354595	0.545
354596	0.409
354598	0.443
354606	0.389
354610	0.468
354622	0.455
354614	0.477
354615	0.434
354616	0.415
354621	0.468
354629	0.442
354633	0.404
354644	0.439
354648	0.388
354650	0.360
354654	0.483
354655	0.422
354660	0.483
354661	0.415
354663	0.362
354665	0.410
354669	0.433
354674	0.444
354401	0.441
354408	0.349
354418	0.446
354488	0.483
354492	0.475
354352	0.420
354359	0.386
354361	0.427
354362	0.455
354364	0.486
354357	0.478
354461	0.346
354463	0.346
354466	0.367
354498	0.493
354503	0.459
354505	0.438
354507	0.477
354605	0.341
354607	0.303
354611	0.482
354613	0.317
354365	0.392
354368	0.443
354369	0.441
354370	0.427
354374	0.379
354376	0.458
354378	0.484
354381	0.404
354384	0.486
354385	0.469
354390	0.411
354393	0.483
354448	0.423
354453	0.487
354454	0.405
354457	0.444
354460	0.417
354462	0.354
354464	0.437
354465	0.636
354500	0.475
354501	0.389
354506	0.457
354510	0.444
354599	0.413
354608	0.362
354609	0.314
354569	0.376
354635	0.437
354347	0.371
354351	0.379
354421	0.368
354431	0.403
354436	0.473
354568	0.363
354574	0.463
354645	0.413
354659	0.404
354666	0.392
354578	0.401
354580	0.370
354617	0.390
354618	0.383
354619	0.459
354626	0.476
354628	0.351
354630	0.453
354631	0.413
354636	0.548
354637	0.351
354640	0.455
354649	0.415
354651	0.443
354662	0.403
354670	0.428
354604	0.345
354564	0.401
354584	0.503
354587	0.451
354590	0.438
354533	0.409
354536	0.526
354542	0.423
354544	0.396
354546	0.448
354547	0.513
354550	0.417
354552	0.439
354553	0.348
354562	0.423
354563	0.306
354565	0.453
354566	0.410
354585	0.469
354589	0.380
354591	0.423
354597	0.391
354346	0.426
354363	0.434
354383	0.420
354388	0.451
354395	0.423
354484	0.417
354593	0.417
354600	0.546
354632	0.464
354642	0.524
354653	0.462
354658	0.481
354664	0.444
354673	0.495
354345	0.503
354356	0.457
247009	0.402
247031	0.460
246973	0.470
246976	0.398
246972	0.441
246977	0.411
246978	0.485
247016	0.432
247011	0.409
247012	0.415
247018	0.428
247020	0.380
247021	0.444
247024	0.424
247026	0.427
247027	0.469
247028	0.362
247033	0.380
246975	0.381
247003	0.421
247005	0.467
247006	0.475
247007	0.450
247008	0.484
247010	0.327
247015	0.447
247019	0.410
247022	0.454
247023	0.535
247025	0.390
247029	0.426
247030	0.402
247032	0.429
247034	0.411
246974	0.440
247002	0.427
247017	0.443
246959	0.510
246961	0.416
246965	0.374
246968	0.371
246971	0.405
246958	0.491
246960	0.435
246963	0.486
246964	0.447
246966	0.421
246970	0.386
246969	0.467
246953	0.559
246955	0.536
246956	0.467
246957	0.426
246954	0.560
246962	0.414
246967	0.416
360254	0.415
360257	0.414
360253	0.403
360255	0.489
360252	0.403
145429	0.588
145447	0.590
145427	0.504
145430	0.475
145431	0.528
145433	0.558
454703	0.486
145428	0.543
145432	0.521
454704	0.458
615241	0.123
678703	0.428
619206	0.421
619205	0.285
62605	0.262
33661	0.436
33662	0.460
685277	-0.060
688724	0.210
593004	0.231
117810	0.147
117811	0.216
162054	0.510
115222	0.615
115398	0.593
615952	0.044
32922	0.494
32928	0.422
32927	0.242
32926	0.439
32923	0.490
32925	0.453
32929	0.336
32924	0.412
396174	0.173
624498	0.081
