427849
339357
162092
339341
689121
148151
590175
213378
678704
88491
88492
180239
671900
360848
627796
323356
679049
468746
119157
115582
596497
596498
627788
203363
524920
433795
591070
624585
578505
469225
433878
636158
636061
636053
636159
612567
69769
531459
134747
521557
596502
192148
678907
592755
236976
619154
612202
62863
632014
624887
133477
339861
391888
411050
278956
369208
543623
429093
171936
522620
54043
382474
368491
682493
520191
406968
678439
460212
528775
250972
350437
149996
111415
240503
221794
221793
240514
134776
149995
163685
163684
240515
198313
198312
198310
198311
135721
240516
240502
81533
81532
162567
162568
162566
161484
192406
192405
192403
149344
149345
192374
352824
137834
134777
81542
81528
81530
81543
81527
81529
81531
81526
192404
192408
346454
506265
520148
384230
491626
491623
491624
491628
491627
491625
491629
625488
625485
625490
625489
625481
319584
347775
690455
654971
462260
353160
564909
354702
354813
354951
354981
355002
355016
354699
354707
354711
354713
354785
354814
354838
354854
354878
354893
354899
354734
354955
355022
355023
354921
354969
354881
354947
354948
354682
354824
354853
354926
354709
354718
354724
354706
354721
354688
460199
460197
460198
460196
460200
460195
460201
463037
459780
459779
459778
621455
621456
568776
390587
361080
354638
354647
354403
354527
354540
354641
354672
354397
354434
354439
354444
354372
354396
354375
354450
354387
354399
354404
354400
354405
354413
354433
354435
354440
354442
354445
354447
354443
354446
354449
354451
354509
354511
354529
354538
354541
354549
354592
354601
354602
354612
354620
354623
354624
354625
354627
354634
354639
354643
354646
354652
354656
354671
354657
354667
354668
354366
354354
354355
354360
354367
354371
354386
354391
354392
354534
354398
354437
354438
354441
354452
354515
354494
246998
246996
247000
247046
247053
247055
247040
247041
247043
247044
247049
246997
246985
246980
246981
246983
246984
246986
246988
246990
246993
247004
246995
247001
247054
247035
247036
247037
247038
247042
247045
247050
247047
247048
247051
247052
247039
246994
246999
247013
246979
246982
246987
246989
246991
246992
246673
246640
246642
246644
246648
246652
246949
246937
246938
246947
246593
246626
246634
246693
246522
246565
246566
246568
246570
246571
246574
246575
246579
246597
246598
246600
246601
246604
246605
246606
246611
246614
246616
246618
246619
246621
246623
246624
246659
246661
246662
246663
246664
246666
246668
246669
246678
246679
246683
246706
246707
246710
246576
246612
246617
246628
246631
246635
246638
246641
246643
246645
246646
246647
246650
246651
246654
246655
246656
246658
246660
246667
246670
246671
246672
246674
246675
246676
246677
246680
246681
246682
246684
246685
246700
246686
246687
246688
246689
246690
246691
246692
246694
246695
246697
246698
246699
246701
246702
246703
246704
246705
246709
246708
246712
246713
246714
246711
246939
246941
246942
246940
246943
246944
246946
246945
246948
246950
246952
246951
246572
246563
246567
246569
246573
246578
246581
246584
246590
246591
246595
246596
246602
246603
246608
246609
246607
246613
246615
246622
246630
246633
246636
246583
246580
246582
246585
246586
246587
246588
246589
246592
246594
246564
246599
246610
246627
246629
246632
246639
246696
246523
246521
246620
246637
246649
246653
246657
246665
246625
246577
354687
354683
354692
354747
354750
354756
354757
354759
354818
354845
354978
354676
354679
354703
354715
354728
354740
354748
354751
354753
354754
354755
354762
354769
354780
354793
354795
354796
354803
354810
354820
354823
354831
354832
354835
354834
354837
354855
354862
354866
354870
354872
354874
354885
354886
354888
354894
354944
354970
354986
354989
354999
354903
354916
354913
354920
354935
354950
354961
354984
354985
354990
354994
354996
355020
355024
354797
354799
354806
354904
354906
354907
354908
354909
354918
354919
354941
354946
354949
354952
354954
354956
354965
354967
354971
354972
354973
354975
354976
354876
354839
354763
354765
354770
354771
354825
354827
354829
354851
354857
354860
354867
354868
354882
354922
354940
354987
354993
354766
354828
354859
354863
354864
354725
354746
354784
354816
354821
355001
355003
355005
355006
355008
355010
355014
354695
354720
354732
354743
354752
355021
355025
355028
355029
355032
354710
354738
354786
354790
354933
354977
247014
360256
354380
354414
354416
354486
354497
354603
354577
354555
354379
354469
354474
354480
354517
354522
354526
354373
354406
354426
354478
354479
354481
354482
354483
354344
354349
354410
354508
354394
354348
354350
354353
354358
354377
354382
354389
354402
354409
354411
354412
354415
354417
354419
354420
354422
354423
354424
354425
354427
354428
354429
354430
354432
354470
354455
354456
354467
354458
354459
354468
354471
354472
354473
354475
354476
354477
354485
354487
354489
354491
354490
354493
354495
354496
354499
354502
354504
354512
354532
354513
354525
354514
354516
354518
354523
354519
354521
354520
354524
354528
354554
354531
354530
354535
354537
354539
354543
354548
354545
354551
354556
354558
354557
354559
354560
354561
354567
354570
354571
354573
354572
354575
354576
354579
354581
354582
354583
354586
354588
354594
354595
354596
354598
354606
354610
354622
354614
354615
354616
354621
354629
354633
354644
354648
354650
354654
354655
354660
354661
354663
354665
354669
354674
354401
354408
354418
354488
354492
354352
354359
354361
354362
354364
354357
354461
354463
354466
354498
354503
354505
354507
354605
354607
354611
354613
354365
354368
354369
354370
354374
354376
354378
354381
354384
354385
354390
354393
354448
354453
354454
354457
354460
354462
354464
354465
354500
354501
354506
354510
354599
354608
354609
354569
354635
354347
354351
354421
354431
354436
354568
354574
354645
354659
354666
354578
354580
354617
354618
354619
354626
354628
354630
354631
354636
354637
354640
354649
354651
354662
354670
354604
354564
354584
354587
354590
354533
354536
354542
354544
354546
354547
354550
354552
354553
354562
354563
354565
354566
354585
354589
354591
354597
354346
354363
354383
354388
354395
354484
354593
354600
354632
354642
354653
354658
354664
354673
354345
354356
247009
247031
246973
246976
246972
246977
246978
247016
247011
247012
247018
247020
247021
247024
247026
247027
247028
247033
246975
247003
247005
247006
247007
247008
247010
247015
247019
247022
247023
247025
247029
247030
247032
247034
246974
247002
247017
246959
246961
246965
246968
246971
246958
246960
246963
246964
246966
246970
246969
246953
246955
246956
246957
246954
246962
246967
360254
360257
360253
360255
360252
145429
145447
145427
145430
145431
145433
454703
145428
145432
454704
615241
678703
619206
619205
62605
33661
33662
685277
688724
593004
117810
117811
162054
115222
115398
615952
32922
32928
32927
32926
32923
32925
32929
32924
396174
624498
