413758
236200
236225
236022
236031
236188
236038
236266
236130
236013
236108
236059
236208
236042
236058
236077
236171
236256
236238
236207
236211
236124
236017
236228
236173
236043
236202
236276
115536
612856
485962
612858
425904
609488
495658
118962
386766
635113
588678
424593
86279
380350
640726
38121
654248
317538
410174
591786
609206
332457
467258
328729
328728
254192
74495
655378
474159
347364
518976
654159
654160
654161
372532
372571
372570
327813
553188
9032
9031
396220
372569
475359
553891
171464
328730
655148
655142
84317
77674
559249
235912
449490
7913
47926
170015
326207
638003
632330
77930
63261
344955
452180
655905
655906
433698
433697
63292
67049
344
275590
166268
511606
688196
698345
11722
446240
389254
389253
551450
654247
144028
131199
588312
655204
655192
655194
655171
588314
485991
403327
516904
35628
519283
36902
516287
393828
74723
455283
502656
17414
320211
581478
34872
196127
441118
655973
655974
194754
554599
379181
460203
276085
54545
4912
585873
85663
41918
261163
260773
615307
66587
546918
515688
410932
103076
498700
627504
369648
400576
670580
189895
365561
147672
455523
33849
519635
32318
546348
634613
567337
74725
53257
664639
664630
664629
14359
404233
273689
273688
114280
117271
213139
396307
396306
396312
392026
392025
585495
414415
642955
572961
456261
457086
341792
393949
442040
519127
412504
584621
621047
442041
554723
554720
554722
554724
554719
554721
567927
684369
327138
674641
461514
591459
498394
461557
508691
562813
429804
491727
119420
391297
428860
607436
623172
24965
348129
559435
586213
235914
235913
508711
532841
549902
548424
58382
425662
73373
273480
672733
489110
461558
365053
545440
483183
483182
446370
184575
443046
594354
653605
492211
499480
627176
418155
270586
261286
655853
544864
522921
649135
499491
655124
678970
180257
398885
207962
264332
499481
499482
499483
100652
403200
554448
146343
221207
420198
420196
4201
43786
43784
4918
76640
89210
89207
89209
89211
545438
498505
498036
498037
654818
479644
479621
686109
479629
479643
479645
479617
533187
654610
543162
682124
326563
31840
585981
654326
12647
508419
557743
479628
479646
57596
99185
17486
476102
72829
