413758 5.200 6.000 0.600
413758 6.760 7.720 0.520
413758 8.360 8.867 0.746
236038 1.720 2.200 0.760
236038 2.160 2.920 0.620
236266 0.000 0.400 0.800
236266 3.920 5.280 0.320
236108 4.400 4.880 0.760
236042 0.000 0.840 0.580
236042 1.280 2.160 0.560
236238 0.000 1.160 0.420
236207 0.000 0.880 0.560
236207 1.080 1.520 0.780
236207 1.520 1.960 0.780
236124 1.600 2.560 0.520
236124 2.560 3.160 0.700
236124 3.760 4.760 0.500
236173 0.000 0.560 0.720
236173 4.440 5.160 0.640
236043 1.080 1.800 0.640
236043 1.840 2.600 0.620
115536 0.000 0.800 0.600
115536 1.920 2.720 0.600
612856 4.920 5.800 0.560
612858 0.160 1.280 0.440
612858 1.320 1.920 0.700
612858 2.000 2.840 0.580
425904 0.000 0.480 0.760
425904 0.440 1.520 0.460
425904 6.800 7.411 0.695
609488 3.520 4.200 0.660
495658 0.000 0.640 0.680
495658 1.240 1.960 0.640
495658 3.280 3.960 0.660
118962 0.000 0.880 0.560
118962 1.160 2.040 0.560
635113 4.640 5.160 0.740
635113 5.160 6.520 0.320
588678 1.560 2.400 0.580
588678 2.560 3.280 0.640
588678 4.200 5.040 0.580
588678 5.360 6.120 0.620
424593 1.400 2.160 0.620
424593 3.360 4.200 0.580
424593 8.080 8.880 0.600
424593 9.840 10.520 0.660
86279 3.080 4.240 0.420
380350 0.000 1.000 0.500
380350 2.920 3.560 0.680
380350 4.120 5.360 0.380
640726 0.000 1.040 0.480
640726 2.720 4.040 0.340
640726 5.720 6.800 0.460
640726 9.120 10.480 0.320
640726 13.480 14.560 0.460
654248 9.960 11.000 0.480
317538 6.320 7.080 0.620
317538 9.440 10.200 0.620
317538 11.280 12.000 0.640
317538 12.560 13.320 0.620
410174 0.160 0.800 0.680
410174 0.760 1.400 0.680
410174 1.400 2.720 0.340
410174 5.600 6.840 0.380
410174 6.760 7.960 0.400
591786 0.400 1.000 0.700
591786 1.120 1.640 0.740
609206 0.040 0.680 0.680
609206 1.800 2.480 0.660
609206 3.000 3.680 0.660
609206 4.440 5.120 0.660
609206 5.160 5.800 0.680
609206 6.880 7.560 0.660
609206 8.560 9.200 0.680
609206 9.440 10.080 0.680
609206 10.000 10.680 0.660
609206 10.600 11.240 0.680
609206 11.080 11.800 0.640
609206 11.640 12.360 0.640
609206 12.200 12.920 0.640
609206 12.760 13.302 0.729
332457 0.520 1.640 0.440
332457 3.040 4.160 0.440
332457 5.080 5.520 0.780
332457 5.880 7.000 0.440
332457 7.240 8.080 0.580
332457 10.240 11.280 0.480
332457 11.280 11.960 0.660
467258 0.600 1.320 0.640
467258 1.680 2.400 0.640
467258 2.640 3.320 0.660
467258 5.440 6.080 0.680
328729 0.000 0.880 0.560
328729 1.720 2.400 0.660
328728 0.000 0.960 0.520
328728 0.800 1.520 0.640
254192 0.480 1.640 0.420
254192 2.920 3.960 0.480
74495 2.360 3.440 0.460
74495 3.400 4.680 0.360
74495 6.240 7.480 0.380
74495 7.480 8.400 0.540
655378 2.320 2.760 0.780
655378 2.600 3.120 0.740
655378 3.800 4.600 0.600
474159 0.000 0.680 0.660
474159 3.280 4.160 0.560
474159 5.640 6.520 0.560
474159 6.400 7.320 0.540
474159 8.600 9.480 0.560
474159 9.320 10.160 0.580
347364 0.520 1.160 0.680
347364 1.000 1.640 0.680
347364 1.480 2.080 0.700
518976 0.080 0.760 0.660
518976 1.280 1.920 0.680
518976 2.080 2.760 0.660
654159 0.000 0.520 0.740
654159 0.600 1.640 0.480
654159 1.440 2.400 0.520
654159 3.480 4.880 0.300
654159 7.800 8.400 0.700
654160 1.640 2.440 0.600
654160 4.160 4.600 0.780
654160 6.040 7.400 0.320
654161 1.040 2.080 0.480
654161 8.880 9.600 0.640
372532 0.000 0.480 0.760
372532 0.920 1.640 0.640
372532 2.120 3.040 0.540
372571 0.000 0.920 0.540
372571 1.520 2.560 0.480
372571 3.160 4.160 0.500
372570 1.440 2.240 0.600
372570 2.960 3.960 0.500
372570 4.680 5.520 0.580
372570 5.640 6.320 0.660
372570 9.600 10.320 0.640
372570 11.000 12.099 0.451
327813 7.160 8.280 0.440
327813 8.160 8.800 0.680
553188 0.160 0.760 0.700
553188 1.000 1.600 0.700
553188 1.960 2.560 0.700
553188 2.920 3.520 0.700
553188 4.480 5.120 0.680
553188 5.520 6.160 0.680
9032 0.000 0.440 0.780
9032 0.560 1.560 0.500
9031 0.000 0.640 0.680
9031 0.640 1.680 0.480
9031 3.840 4.440 0.700
9031 4.400 5.080 0.660
9031 5.320 6.160 0.580
9031 6.520 7.120 0.700
9031 7.000 7.600 0.700
9031 7.520 8.160 0.680
9031 8.080 8.680 0.700
9031 8.560 9.160 0.700
9031 9.680 10.280 0.700
9031 10.120 10.760 0.680
9031 10.680 11.280 0.700
9031 11.120 11.760 0.680
9031 12.240 12.880 0.680
9031 12.720 13.255 0.732
396220 2.960 3.640 0.660
396220 3.960 4.680 0.640
396220 4.600 5.600 0.500
396220 5.480 6.160 0.660
396220 6.760 7.640 0.560
396220 7.640 8.240 0.700
396220 8.520 9.040 0.740
396220 8.920 9.560 0.680
372569 0.080 0.760 0.660
372569 1.160 1.880 0.640
372569 2.000 2.596 0.702
475359 0.760 1.600 0.580
475359 1.960 3.120 0.420
171464 1.720 2.400 0.660
171464 5.080 6.080 0.500
171464 11.560 12.600 0.480
171464 12.600 13.280 0.660
328730 3.840 4.800 0.520
328730 6.680 7.160 0.760
328730 7.000 7.680 0.660
328730 8.000 8.880 0.560
655148 7.040 7.880 0.580
655148 11.520 12.600 0.460
655142 0.680 2.000 0.340
655142 4.640 5.960 0.340
655142 7.520 8.600 0.460
655142 10.080 10.920 0.580
84317 0.000 1.200 0.400
84317 1.320 2.500 0.410
559249 0.280 1.160 0.560
559249 1.040 1.680 0.680
559249 1.800 2.400 0.700
235912 0.120 0.760 0.680
235912 1.480 2.040 0.720
235912 2.400 3.400 0.500
235912 5.320 6.360 0.480
235912 6.200 6.880 0.660
235912 7.120 8.000 0.560
235912 8.360 9.000 0.680
235912 10.480 11.120 0.680
235912 11.400 12.080 0.660
449490 0.080 0.760 0.660
449490 1.200 1.880 0.660
449490 2.520 3.240 0.640
449490 3.800 4.520 0.640
449490 4.840 5.560 0.640
449490 5.720 6.440 0.640
7913 0.160 1.480 0.340
7913 1.520 2.120 0.700
7913 2.320 3.040 0.640
7913 5.480 6.240 0.620
7913 6.960 7.680 0.640
47926 1.600 2.760 0.420
47926 3.160 3.800 0.680
47926 5.520 6.160 0.680
47926 6.520 7.560 0.480
326207 1.680 2.400 0.640
326207 3.520 4.200 0.660
638003 0.200 1.080 0.560
638003 1.360 2.200 0.580
638003 2.160 3.000 0.580
638003 2.960 4.160 0.400
77930 0.000 0.480 0.760
77930 0.560 1.160 0.700
77930 1.040 1.640 0.700
77930 1.480 1.960 0.760
77930 2.840 3.480 0.680
63261 6.240 6.960 0.640
344955 0.000 0.640 0.680
344955 0.880 1.600 0.640
344955 1.480 2.200 0.640
344955 2.080 2.760 0.660
344955 4.080 5.360 0.360
344955 8.400 9.080 0.660
344955 9.360 10.040 0.660
655905 0.000 0.960 0.520
655906 1.040 1.720 0.660
655906 1.560 2.160 0.700
433698 0.000 0.720 0.640
433698 1.040 1.960 0.540
433698 2.320 3.120 0.600
63292 6.680 7.508 0.586
67049 1.680 2.720 0.480
67049 4.920 6.000 0.460
67049 6.000 6.720 0.640
67049 7.400 8.080 0.660
344 0.200 0.880 0.660
344 1.520 2.360 0.580
344 3.520 4.240 0.640
344 4.800 5.520 0.640
344 7.840 8.520 0.660
344 8.360 9.714 0.323
275590 6.160 6.960 0.600
275590 8.080 8.640 0.720
166268 0.000 0.440 0.780
166268 0.720 1.400 0.660
166268 1.320 2.000 0.660
166268 1.920 2.600 0.660
166268 3.280 3.920 0.680
511606 1.440 1.920 0.760
511606 2.000 2.480 0.760
511606 2.920 3.480 0.720
511606 3.440 4.000 0.720
511606 4.720 5.280 0.720
511606 5.400 5.960 0.720
511606 5.800 6.280 0.760
698345 4.680 5.320 0.680
698345 5.160 6.040 0.560
698345 8.680 9.480 0.600
698345 9.640 10.275 0.682
11722 1.960 2.531 0.715
446240 0.000 0.480 0.760
446240 0.480 0.920 0.780
446240 1.840 2.440 0.700
389254 1.080 1.600 0.740
389254 1.440 1.920 0.760
389253 0.000 0.440 0.780
389253 0.480 1.080 0.700
389253 1.040 1.920 0.560
551450 0.280 1.000 0.640
551450 0.920 1.520 0.700
551450 2.280 2.960 0.660
551450 4.320 5.000 0.660
551450 4.840 5.480 0.680
551450 7.040 7.800 0.620
551450 8.440 9.520 0.460
551450 10.320 11.280 0.520
551450 11.520 12.560 0.480
654247 2.640 3.160 0.740
654247 11.760 12.360 0.700
144028 2.280 2.720 0.780
144028 3.000 3.480 0.760
588312 0.000 0.560 0.720
588312 0.440 1.160 0.640
655204 9.960 11.000 0.480
655192 4.280 4.800 0.740
655192 5.800 6.480 0.660
655192 9.680 10.920 0.380
655192 11.000 11.480 0.760
655192 11.520 12.480 0.520
655171 2.160 2.720 0.720
655171 4.560 5.440 0.560
655171 6.440 7.040 0.700
655171 7.440 7.920 0.760
655171 10.720 11.200 0.760
588314 2.280 2.960 0.660
485991 0.440 1.240 0.600
485991 5.120 5.760 0.680
403327 1.840 2.520 0.660
516904 0.360 1.200 0.580
516904 3.840 4.680 0.580
516904 5.360 6.200 0.580
516904 6.600 7.040 0.780
516904 7.720 8.480 0.620
35628 0.520 1.080 0.720
35628 1.600 2.200 0.700
35628 2.080 2.720 0.680
35628 2.760 3.640 0.560
35628 3.680 4.320 0.680
35628 4.160 4.800 0.680
35628 4.680 5.320 0.680
35628 5.520 6.120 0.700
519283 0.280 0.960 0.660
519283 4.400 5.080 0.660
519283 8.200 8.920 0.640
516287 0.840 1.680 0.580
516287 1.760 2.760 0.500
516287 3.800 4.600 0.600
516287 5.960 6.560 0.700
393828 0.080 1.160 0.460
393828 1.240 1.960 0.640
393828 1.880 2.560 0.660
393828 2.680 3.360 0.660
393828 3.200 3.880 0.660
393828 3.920 4.640 0.640
393828 5.160 5.800 0.680
393828 7.440 8.000 0.720
393828 8.280 8.960 0.660
393828 11.320 12.000 0.660
393828 13.200 13.880 0.660
74723 2.160 3.360 0.400
74723 3.200 3.920 0.640
74723 6.800 7.920 0.440
74723 7.880 8.520 0.680
455283 3.200 4.360 0.420
455283 4.400 5.160 0.620
455283 7.520 8.240 0.640
502656 0.080 0.800 0.640
502656 0.920 1.680 0.620
502656 1.800 2.480 0.660
17414 3.680 4.400 0.640
17414 8.360 9.000 0.680
320211 0.000 0.440 0.780
581478 0.000 0.480 0.760
581478 0.400 1.040 0.680
34872 0.800 1.560 0.620
34872 1.600 2.280 0.660
34872 2.200 2.960 0.620
34872 2.920 3.600 0.660
34872 3.560 4.240 0.660
34872 4.840 5.400 0.720
196127 7.400 8.800 0.300
196127 9.640 10.440 0.600
441118 2.040 3.400 0.320
441118 3.280 4.360 0.460
441118 5.480 6.800 0.340
441118 6.720 7.520 0.600
441118 7.600 8.320 0.640
441118 9.520 10.000 0.760
441118 9.840 10.520 0.660
655973 0.120 0.680 0.720
655973 0.920 1.440 0.740
655973 1.760 2.600 0.580
655973 5.040 6.000 0.520
655973 6.080 6.840 0.620
655973 10.760 11.800 0.480
655973 11.640 12.400 0.620
655974 10.800 11.400 0.700
655974 12.080 12.760 0.660
194754 0.200 0.840 0.680
194754 0.960 1.600 0.680
194754 1.840 2.480 0.680
194754 2.760 3.400 0.680
194754 4.360 5.000 0.680
194754 4.880 5.520 0.680
194754 5.680 6.320 0.680
194754 6.320 6.960 0.680
194754 7.800 8.440 0.680
194754 8.360 9.000 0.680
194754 9.000 9.640 0.680
379181 2.560 3.160 0.700
460203 2.800 3.240 0.780
54545 0.680 1.320 0.680
54545 1.720 2.320 0.700
54545 2.720 3.600 0.560
54545 4.640 5.280 0.680
54545 6.320 6.960 0.680
54545 7.680 8.320 0.680
54545 9.160 9.760 0.700
4912 0.000 0.440 0.780
4912 0.320 1.000 0.660
4912 1.480 2.120 0.680
4912 2.160 2.686 0.737
585873 0.920 2.000 0.460
85663 0.240 0.800 0.720
85663 0.800 1.440 0.680
85663 1.400 2.080 0.660
41918 0.360 1.280 0.540
41918 1.520 2.200 0.660
41918 2.440 3.120 0.660
41918 3.440 4.440 0.500
41918 5.720 6.400 0.660
41918 6.960 8.080 0.440
261163 0.000 0.360 0.820
261163 4.120 4.640 0.740
261163 6.040 6.600 0.720
260773 0.000 0.640 0.680
260773 0.760 1.680 0.540
260773 2.400 3.160 0.620
66587 0.000 0.840 0.580
66587 0.680 1.320 0.680
66587 1.360 1.800 0.780
66587 6.600 7.280 0.660
66587 7.280 8.320 0.480
546918 0.680 1.600 0.540
546918 4.880 5.800 0.540
546918 6.000 6.440 0.780
515688 1.120 1.640 0.740
410932 0.000 0.560 0.720
410932 1.680 2.360 0.660
103076 0.000 0.520 0.740
103076 1.320 1.960 0.680
103076 2.000 2.680 0.660
103076 5.760 6.280 0.740
103076 6.640 7.320 0.660
103076 7.200 7.880 0.660
103076 10.080 10.760 0.660
498700 6.080 7.040 0.520
498700 9.360 10.240 0.560
627504 0.120 0.840 0.640
627504 1.760 2.440 0.660
627504 5.120 5.640 0.740
627504 5.600 6.160 0.720
627504 6.080 6.640 0.720
369648 1.600 2.080 0.760
369648 2.240 3.200 0.520
400576 0.000 0.880 0.560
400576 4.400 5.640 0.380
400576 8.920 9.600 0.660
400576 9.600 10.280 0.660
670580 0.400 1.800 0.300
670580 1.840 2.560 0.640
670580 2.760 3.440 0.660
189895 0.400 1.280 0.560
189895 2.080 2.840 0.620
189895 3.120 3.920 0.600
189895 4.360 5.120 0.620
147672 0.440 1.200 0.620
147672 1.520 2.240 0.640
147672 3.520 4.240 0.640
455523 0.000 0.400 0.800
455523 0.760 1.880 0.440
455523 1.840 2.560 0.640
33849 0.000 0.400 0.800
33849 1.640 2.640 0.500
33849 4.840 5.920 0.460
33849 5.960 7.200 0.380
33849 9.560 10.200 0.680
32318 0.200 0.960 0.620
32318 0.920 1.560 0.680
32318 4.440 4.880 0.780
546348 3.200 4.360 0.420
546348 4.400 5.160 0.620
546348 7.520 8.240 0.640
634613 0.560 1.440 0.560
634613 4.360 5.320 0.520
567337 5.360 6.360 0.500
74725 0.000 0.720 0.640
74725 0.600 1.440 0.580
74725 5.120 5.720 0.700
74725 7.280 7.840 0.720
53257 0.440 0.920 0.760
53257 1.400 2.080 0.660
53257 6.120 6.800 0.660
53257 6.800 7.240 0.780
664639 2.280 3.160 0.560
664630 4.000 4.760 0.620
664629 2.160 2.840 0.660
14359 0.000 0.440 0.780
14359 0.400 1.080 0.660
14359 1.360 2.040 0.660
14359 2.800 3.480 0.660
14359 3.520 4.200 0.660
14359 4.360 5.000 0.680
14359 5.040 5.720 0.660
14359 6.080 6.720 0.680
14359 7.960 8.600 0.680
14359 9.160 9.564 0.798
273689 0.480 1.240 0.620
273689 1.160 1.880 0.640
114280 0.000 0.600 0.700
114280 0.720 1.760 0.480
114280 1.920 2.680 0.620
114280 2.640 3.320 0.660
114280 3.280 4.000 0.640
114280 5.400 6.006 0.697
117271 0.000 1.000 0.500
117271 9.360 10.520 0.420
396307 0.000 0.720 0.640
396307 1.360 2.000 0.680
396306 0.120 0.760 0.680
396306 1.120 1.720 0.700
396306 3.960 4.640 0.660
396306 4.680 5.126 0.777
396312 0.920 1.440 0.740
396312 1.920 2.560 0.680
396312 4.200 4.840 0.680
392026 0.240 0.960 0.640
392026 1.240 2.000 0.620
392026 2.040 3.120 0.460
392026 2.960 3.840 0.560
392025 0.080 0.560 0.760
392025 0.400 0.960 0.720
585495 0.080 0.880 0.600
585495 1.680 2.840 0.420
585495 3.120 4.040 0.540
585495 5.160 6.080 0.540
414415 0.480 1.080 0.700
414415 3.920 4.560 0.680
642955 2.400 2.880 0.760
642955 2.760 3.320 0.720
642955 3.360 4.000 0.680
642955 3.880 4.440 0.720
642955 4.520 5.640 0.440
572961 0.000 1.120 0.440
572961 1.080 2.440 0.320
456261 0.920 1.360 0.780
456261 2.000 2.560 0.720
456261 4.960 5.640 0.660
456261 6.120 6.560 0.780
456261 6.760 7.280 0.740
456261 7.680 8.160 0.760
457086 0.640 1.280 0.680
457086 1.640 2.280 0.680
457086 2.880 3.520 0.680
457086 5.480 6.080 0.700
341792 0.000 0.520 0.740
341792 3.040 3.800 0.620
341792 4.080 4.640 0.720
393949 0.640 1.560 0.540
393949 1.880 2.520 0.680
393949 2.840 3.320 0.760
393949 4.000 4.480 0.760
442040 0.000 0.320 0.840
442040 0.320 1.360 0.480
442040 1.320 1.840 0.740
442040 2.040 2.640 0.700
442040 2.520 3.360 0.580
442040 3.320 3.840 0.740
442040 4.040 4.640 0.700
442040 4.520 5.320 0.600
442040 5.320 5.840 0.740
442040 6.040 6.640 0.700
442040 6.520 7.320 0.600
442040 7.320 7.840 0.740
519127 0.680 1.240 0.720
519127 1.240 2.120 0.560
519127 2.640 3.440 0.600
519127 3.320 3.960 0.680
584621 0.480 1.080 0.700
584621 1.440 2.480 0.480
621047 2.720 3.240 0.740
442041 0.040 0.600 0.720
442041 0.520 1.080 0.720
442041 1.160 1.680 0.740
442041 1.640 2.200 0.720
442041 2.040 2.640 0.700
442041 2.520 3.360 0.580
442041 3.320 3.840 0.740
442041 4.040 4.640 0.700
442041 4.520 5.320 0.600
442041 5.320 5.840 0.740
442041 6.040 6.640 0.700
442041 7.320 7.840 0.740
554723 1.720 2.400 0.660
554723 4.200 4.840 0.680
554720 0.000 0.600 0.700
554720 0.640 1.400 0.620
554720 1.640 2.640 0.500
554720 3.920 4.640 0.640
554720 4.680 5.640 0.520
554720 5.600 6.640 0.480
554722 1.760 2.440 0.660
554722 2.720 3.320 0.700
554722 5.400 6.080 0.660
554724 0.280 0.800 0.740
554724 2.640 3.640 0.500
554724 4.760 5.440 0.660
554719 1.920 2.840 0.540
554719 3.360 4.040 0.660
554719 5.360 6.000 0.680
554721 0.000 0.560 0.720
554721 0.560 1.160 0.700
554721 1.200 1.800 0.700
554721 3.400 4.040 0.680
554721 4.120 4.720 0.700
554721 4.760 5.360 0.700
567927 0.280 1.440 0.420
567927 3.160 3.960 0.600
567927 4.760 5.680 0.540
684369 0.400 1.040 0.680
684369 1.000 1.720 0.640
684369 5.840 6.520 0.660
591459 0.560 1.160 0.700
591459 1.400 2.040 0.680
498394 0.000 0.720 0.640
498394 0.720 1.480 0.620
498394 1.720 2.440 0.640
461557 0.120 0.760 0.680
461557 0.600 1.280 0.660
461557 1.160 1.840 0.660
461557 1.760 2.440 0.660
461557 2.480 2.920 0.780
461557 3.040 3.720 0.660
461557 5.840 6.480 0.680
461557 6.440 7.160 0.640
461557 7.560 8.160 0.700
508691 0.000 0.440 0.780
508691 2.440 3.320 0.560
562813 2.360 2.920 0.720
562813 4.560 5.120 0.720
429804 0.800 1.400 0.700
429804 1.280 1.880 0.700
429804 1.680 2.196 0.742
491727 0.000 0.520 0.740
491727 1.160 2.040 0.560
491727 2.640 3.164 0.738
119420 3.880 4.480 0.700
119420 4.720 5.760 0.480
119420 6.040 6.680 0.680
391297 1.320 2.360 0.480
391297 3.120 3.600 0.760
391297 3.440 4.080 0.680
391297 4.280 5.480 0.400
391297 5.320 5.960 0.680
391297 5.880 6.520 0.680
607436 0.040 0.960 0.540
607436 1.360 1.920 0.720
607436 5.360 5.960 0.700
607436 6.800 8.120 0.340
623172 2.320 3.200 0.560
623172 8.080 8.800 0.640
623172 9.040 9.680 0.680
24965 0.000 0.600 0.700
24965 1.120 2.000 0.560
24965 2.160 3.000 0.580
24965 2.920 3.720 0.600
559435 0.000 0.760 0.620
559435 1.280 2.080 0.600
559435 3.480 4.200 0.640
559435 4.720 5.440 0.640
586213 0.440 1.000 0.720
586213 2.360 2.960 0.700
586213 4.720 5.320 0.700
586213 5.200 5.500 0.850
235914 0.000 0.320 0.840
235914 0.200 0.840 0.680
235914 1.120 1.760 0.680
235914 2.440 3.360 0.540
235914 4.280 4.960 0.660
235914 6.000 6.600 0.700
235913 0.560 1.200 0.680
235913 1.720 2.360 0.680
235913 3.000 3.640 0.680
508711 0.000 0.840 0.580
508711 3.960 5.360 0.300
508711 6.920 8.120 0.400
508711 7.920 8.760 0.580
508711 8.960 9.577 0.691
549902 0.320 1.400 0.460
548424 1.160 1.800 0.680
548424 3.800 4.640 0.580
548424 5.760 6.520 0.620
548424 6.360 7.200 0.580
548424 8.800 9.520 0.640
548424 9.360 10.200 0.580
548424 10.000 10.400 0.800
58382 0.040 0.800 0.620
58382 1.560 2.320 0.620
58382 5.320 6.069 0.625
425662 0.000 0.440 0.780
425662 6.800 7.840 0.480
73373 0.040 1.360 0.340
73373 1.160 1.880 0.640
273480 2.880 3.520 0.680
273480 3.560 4.200 0.680
672733 0.000 0.680 0.660
672733 1.680 2.240 0.720
672733 4.440 5.160 0.640
672733 6.120 6.920 0.600
672733 7.640 8.320 0.660
672733 8.520 9.080 0.720
672733 8.920 9.480 0.720
672733 9.360 10.120 0.620
672733 10.240 11.120 0.560
672733 13.680 14.360 0.660
489110 2.040 2.960 0.540
489110 4.600 5.560 0.520
461558 2.560 3.160 0.700
365053 0.280 0.960 0.660
365053 3.880 4.560 0.660
365053 4.600 5.440 0.580
365053 7.440 8.160 0.640
365053 8.160 8.840 0.660
365053 8.800 10.160 0.320
365053 10.000 10.720 0.640
365053 10.800 11.760 0.520
545440 0.440 1.120 0.660
545440 1.240 1.920 0.660
545440 1.880 3.040 0.420
545440 2.880 3.600 0.640
545440 3.560 4.240 0.660
483183 0.320 1.400 0.460
483183 1.760 2.800 0.480
483183 2.960 3.960 0.500
483183 3.800 4.520 0.640
483182 2.720 3.440 0.640
446370 2.120 2.720 0.700
446370 2.600 3.560 0.520
446370 3.680 4.280 0.700
446370 4.800 5.760 0.520
446370 7.840 9.000 0.420
446370 8.960 9.600 0.680
446370 11.120 11.720 0.700
184575 0.160 0.760 0.700
184575 0.800 1.760 0.520
184575 1.840 3.000 0.420
184575 3.160 4.320 0.420
184575 4.360 4.960 0.700
184575 4.920 5.640 0.640
184575 5.760 6.520 0.620
184575 6.880 7.840 0.520
184575 7.960 9.080 0.440
184575 8.960 9.600 0.680
184575 9.600 10.240 0.680
184575 10.200 10.840 0.680
184575 11.280 11.920 0.680
184575 11.840 12.840 0.500
594354 0.920 1.640 0.640
594354 1.640 2.440 0.600
594354 3.000 4.040 0.480
594354 4.080 4.800 0.640
594354 5.600 6.720 0.440
594354 7.960 8.720 0.620
653605 0.000 1.360 0.320
653605 2.880 3.640 0.620
653605 3.720 4.760 0.480
653605 4.760 5.480 0.640
653605 5.600 6.440 0.580
653605 6.520 7.800 0.360
653605 7.840 9.172 0.334
492211 2.600 3.240 0.680
492211 3.200 3.800 0.700
492211 3.680 4.280 0.700
492211 5.920 6.560 0.680
492211 9.680 10.280 0.700
492211 10.120 10.720 0.700
492211 10.760 11.400 0.680
492211 12.000 12.600 0.700
627176 0.960 1.560 0.700
627176 1.480 2.200 0.640
627176 4.800 5.400 0.700
627176 6.040 6.520 0.760
627176 11.720 12.346 0.687
418155 6.280 7.640 0.320
418155 7.560 8.960 0.300
270586 0.040 0.760 0.640
270586 0.680 1.400 0.640
270586 1.760 2.440 0.660
261286 0.000 0.680 0.660
261286 1.520 2.200 0.660
261286 3.040 3.840 0.600
655853 5.560 6.360 0.600
655853 6.200 7.040 0.580
655853 10.200 11.160 0.520
544864 4.480 5.080 0.700
544864 9.440 10.120 0.660
522921 0.000 0.640 0.680
522921 0.600 1.320 0.640
522921 1.160 1.880 0.640
522921 1.840 2.560 0.640
522921 2.400 3.080 0.660
649135 4.440 5.840 0.300
649135 6.240 7.040 0.600
649135 7.440 8.280 0.580
649135 8.200 9.000 0.600
649135 11.600 12.440 0.580
499491 1.920 2.800 0.560
499491 2.680 3.280 0.700
655124 0.360 1.080 0.640
655124 2.040 2.760 0.640
655124 3.680 4.320 0.680
678970 0.000 0.520 0.740
678970 4.360 4.920 0.720
678970 7.040 8.120 0.460
678970 11.960 12.840 0.560
678970 13.080 13.520 0.780
180257 0.600 1.520 0.540
180257 2.480 3.520 0.480
180257 4.720 6.000 0.360
180257 7.240 8.240 0.500
180257 9.040 10.000 0.520
180257 10.840 11.840 0.500
180257 13.280 14.240 0.520
180257 14.120 14.760 0.680
398885 5.240 5.880 0.680
398885 8.240 9.120 0.560
207962 0.320 1.000 0.660
207962 1.400 2.120 0.640
207962 5.040 5.560 0.740
499481 3.320 4.080 0.620
499481 8.160 8.800 0.680
499483 4.760 5.480 0.640
499483 5.920 6.800 0.560
100652 0.000 0.360 0.820
100652 0.400 1.160 0.620
100652 1.040 1.760 0.640
100652 1.720 2.440 0.640
100652 4.080 4.800 0.640
100652 4.720 5.400 0.660
100652 6.480 7.200 0.640
100652 7.080 7.800 0.640
100652 7.720 8.440 0.640
100652 8.320 9.040 0.640
100652 8.880 9.560 0.660
100652 9.440 10.160 0.640
100652 10.000 10.640 0.680
403200 0.000 1.280 0.360
403200 1.320 2.040 0.640
403200 2.200 2.880 0.660
403200 3.120 4.280 0.420
554448 3.960 4.640 0.660
554448 6.120 6.760 0.680
554448 8.160 8.840 0.660
554448 9.880 10.560 0.660
554448 10.360 11.040 0.660
146343 1.520 2.200 0.660
146343 2.040 3.160 0.440
146343 5.280 5.960 0.660
221207 0.000 0.760 0.620
221207 0.800 1.640 0.580
221207 1.600 2.520 0.540
221207 2.400 3.360 0.520
420198 0.280 1.440 0.420
420198 2.520 3.440 0.540
420198 3.360 3.920 0.720
420196 0.040 0.760 0.640
420196 1.160 2.120 0.520
420196 2.480 2.920 0.780
4201 0.000 0.480 0.760
4201 3.800 4.400 0.700
43786 0.360 0.960 0.700
43786 2.760 3.320 0.720
43784 2.560 3.080 0.740
43784 3.000 3.440 0.780
4918 0.000 0.360 0.820
4918 1.240 1.920 0.660
4918 1.840 2.480 0.680
4918 3.000 3.640 0.680
4918 3.640 4.320 0.660
4918 4.680 5.360 0.660
4918 7.320 8.320 0.500
76640 1.440 2.840 0.300
76640 3.440 4.840 0.300
89210 1.520 2.200 0.660
89211 1.200 1.920 0.640
545438 0.160 1.160 0.500
545438 1.040 1.480 0.780
545438 1.400 2.000 0.700
545438 2.040 2.560 0.740
545438 2.520 3.120 0.700
545438 2.960 3.560 0.700
545438 3.720 4.760 0.480
545438 4.600 5.160 0.720
545438 6.560 7.160 0.700
498505 3.880 4.520 0.680
498505 6.880 7.480 0.700
498505 7.920 8.600 0.660
498505 8.640 9.160 0.740
498505 10.160 10.840 0.660
498505 11.000 11.680 0.660
498505 11.600 12.113 0.743
498036 0.880 1.520 0.680
498036 2.840 3.520 0.660
654818 4.480 5.000 0.740
479644 0.840 1.400 0.720
479644 1.560 2.120 0.720
479644 2.160 2.640 0.760
479644 2.520 3.080 0.720
479644 4.520 5.000 0.760
479644 6.720 7.360 0.680
479644 9.040 9.680 0.680
479644 9.560 10.240 0.660
479644 11.600 12.280 0.660
479621 1.320 1.880 0.720
479621 1.880 2.560 0.660
479621 2.800 3.520 0.640
479621 3.400 4.200 0.600
479621 6.520 7.120 0.700
479621 7.240 7.920 0.660
479621 8.560 8.838 0.861
686109 0.000 0.800 0.600
686109 0.640 1.160 0.740
686109 1.320 2.160 0.580
686109 2.040 2.640 0.700
686109 2.760 3.320 0.720
686109 3.160 3.800 0.680
686109 3.680 4.320 0.680
686109 4.160 4.760 0.700
686109 5.160 6.560 0.300
686109 9.840 10.667 0.587
479629 0.000 0.680 0.660
479629 0.800 1.800 0.500
479629 1.920 2.640 0.640
479629 3.480 4.240 0.620
479629 4.080 4.760 0.660
479629 4.840 5.560 0.640
479629 5.840 7.240 0.300
479629 7.680 8.360 0.660
479643 0.000 1.000 0.500
479643 2.440 3.400 0.520
479643 3.280 4.000 0.640
479643 4.080 4.760 0.660
479643 4.880 5.600 0.640
479643 9.400 10.520 0.440
479643 10.560 11.480 0.540
479643 11.280 11.960 0.660
479617 0.520 1.160 0.680
479617 1.400 2.040 0.680
479617 2.280 2.960 0.660
479617 3.160 3.920 0.620
479617 4.120 4.720 0.700
479617 5.960 6.600 0.680
479617 10.240 10.720 0.760
479617 10.720 11.480 0.620
479617 11.360 11.920 0.720
479617 12.160 12.800 0.680
533187 0.000 0.840 0.580
533187 0.720 1.320 0.700
533187 2.760 3.760 0.500
654610 1.720 2.360 0.680
654610 3.120 3.720 0.700
654610 4.600 5.200 0.700
654610 5.520 6.120 0.700
543162 4.600 5.520 0.540
543162 5.360 6.360 0.500
543162 6.680 7.520 0.580
682124 0.000 0.600 0.700
682124 3.480 4.280 0.600
326563 0.000 0.640 0.680
326563 0.920 1.760 0.580
326563 3.320 4.120 0.600
326563 7.840 8.840 0.500
326563 8.800 9.600 0.600
31840 1.400 2.200 0.600
31840 2.040 2.880 0.580
31840 2.720 3.520 0.600
31840 4.240 4.760 0.740
31840 4.720 6.120 0.300
585981 0.000 0.520 0.740
585981 0.880 1.520 0.680
585981 1.680 2.320 0.680
654326 0.200 0.960 0.620
12647 0.640 1.280 0.680
12647 1.960 3.000 0.480
508419 0.440 1.240 0.600
508419 1.720 2.440 0.640
508419 2.640 3.400 0.620
508419 4.280 5.040 0.620
557743 0.600 1.560 0.520
557743 2.520 3.120 0.700
479646 0.200 1.200 0.500
479646 3.160 3.880 0.640
479646 4.640 5.400 0.620
479646 5.240 5.920 0.660
479646 5.920 6.640 0.640
479646 8.240 9.600 0.320
479646 10.000 10.680 0.660
57596 2.560 3.480 0.540
57596 3.520 4.000 0.760
57596 3.920 4.400 0.760
57596 4.240 4.880 0.680
17486 3.560 4.000 0.780
17486 4.560 5.160 0.700
476102 0.040 0.680 0.680
476102 0.560 1.200 0.680
476102 1.040 1.640 0.700
476102 2.080 2.720 0.680
