413758
236194
236195
236199
236200
236225
236240
236249
236252
236019
236021
236022
236031
236071
236073
236083
236190
236072
236119
236180
236269
236188
236267
236012
236038
236049
236070
236187
236224
236257
236263
236266
236268
236162
236123
236104
236076
236084
236130
236189
236216
236220
236272
236140
236174
236273
236057
236133
236062
236068
236082
236145
236197
236025
236023
236210
236214
236233
236065
236166
236280
236013
236081
236108
236153
236260
236279
236246
236177
236059
236069
236138
236241
236089
236103
236186
236097
236208
236231
236042
236107
236040
236058
236055
236094
236125
236063
236015
236028
236034
236056
236077
236087
236100
236110
236105
236102
236111
236112
236118
236120
236127
236121
236139
236141
236144
236143
236147
236151
236157
236154
236161
236165
236171
236179
236192
236198
236201
236204
236203
236223
236232
236236
236237
236247
236244
236248
236250
236251
236256
236258
236264
236259
236265
236270
236271
236277
236281
236146
236156
236185
236238
236207
236211
236234
236124
236026
236061
236079
236132
236090
236091
236152
236036
236217
236054
236261
236134
236135
236011
236017
236228
236080
236136
236075
236092
236113
236114
236128
236160
236164
236178
236183
236167
236275
236173
236116
236137
236093
236218
236035
236078
236262
236030
236213
236039
236043
236046
236085
236095
236115
236142
236149
236168
236176
236184
236202
236254
236276
236014
236037
236018
236096
236024
236117
236101
236148
236169
236172
236193
236181
115536
612856
485962
612858
425904
700748
609488
495658
118962
386766
635113
588678
424593
86279
446593
408810
643446
380350
640726
38121
654248
317538
410174
591786
609206
332457
467258
328729
328728
254192
74495
655378
562811
474159
474158
347364
518976
654159
654160
654161
372532
372571
372570
327813
553188
9032
9031
396220
372569
475359
553891
171464
328730
655148
655146
655142
655377
84317
77674
470197
559249
235912
495115
449490
7913
47926
170015
536631
326207
638003
632330
77930
63261
344955
656544
452180
655905
655906
433698
433697
63292
67049
344
69777
275590
166268
511606
688196
698345
11722
446233
446240
389254
389253
551450
654247
144028
131199
588312
655176
655204
655192
655194
655171
588314
485991
403327
516904
35628
379531
519283
632395
36902
516287
207124
393828
74723
455283
502656
17414
476206
476203
476205
320211
581478
34872
196127
607895
441118
655973
655974
194754
571211
554599
379181
460203
537825
325779
276085
54545
530604
4912
585873
85663
41918
261163
260773
615307
66587
546918
382736
178118
515688
484800
398724
410932
103076
190595
498700
627504
369648
400576
670580
189895
365561
147672
455523
33849
519635
266769
32318
546348
634613
567337
74725
53257
664639
664630
664629
14359
404233
273689
273688
114280
643858
117271
213139
396307
396306
396312
113785
392026
392025
276668
585495
414415
642955
239120
369664
572961
456261
457086
369668
369666
369663
369665
369669
341792
393949
442039
442040
239121
519127
412504
584621
621047
442041
554723
554720
554722
554724
554719
554721
567927
684369
327138
232389
232388
674641
179386
461514
591459
498394
461557
508691
562813
562812
429804
491727
131258
57553
119420
391297
428860
607436
623172
24965
348129
559435
586213
235914
235913
508711
532841
549902
548424
58382
615785
425662
73373
273480
545434
672733
489110
461558
655165
346319
365053
545440
483183
483182
158607
446370
184575
443046
594354
653605
492211
561320
499480
155294
627176
418155
653306
270586
261286
655853
17810
544864
522921
649135
545441
499491
655124
678970
483697
180257
398885
31615
207962
264332
499481
499482
499483
159726
100652
403200
554448
618655
146343
221207
47898
420198
420196
4201
43786
43784
234030
4918
402568
277195
76640
140413
89210
89207
89209
89211
545439
545438
413741
498505
498036
498037
654818
479644
479621
686109
479629
479643
479645
479617
533187
654610
543162
682124
511687
326563
31840
585981
654326
479626
12647
508419
577848
557743
479628
479646
64611
57596
99185
34964
17486
97756
476102
351182
47136
102106
102102
102104
102105
102101
102103
528037
102100
368215
368208
316880
239127
72829
341637
554579
408109
172353
