558248
558245
558247
558246
152695
558249
529818
666216
666215
666217
471860
127032
317479
393341
393344
393343
393342
393340
393339
367099
162860
162859
506402
506403
506401
191898
686429
254868
257924
685444
257923
329010
401214
119459
171168
132930
548031
643665
134720
514687
166141
15291
522398
203719
249718
380100
98935
528691
528692
148915
69205
218869
69224
389640
462251
368798
381818
66147
66333
180295
106845
63355
62226
214504
62890
65398
382906
274153
61006
80579
61032
61058
79773
170782
259514
9559
9547
126952
9548
591701
9542
103799
528357
438805
482787
693938
650411
445751
16357
438804
440841
676886
396721
439635
180298
609790
609780
439558
30285
30288
511841
