606962
606964
606965
606967
176817
550908
51743
209792
444163
51746
648522
529846
461314
594784
425663
15390
58977
21312
169834
195411
196645
433880
57733
57731
622879
117592
424687
241906
241894
241902
241898
241889
241891
241893
241904
241907
241899
241905
241909
241910
241908
241900
241895
241897
241890
241903
241901
57729
267930
467988
427130
52321
24372
57587
49331
377039
377031
377038
377036
377056
377055
377054
377022
377023
377028
377027
377025
377058
77107
77098
108167
181934
668794
668795
668796
668797
453736
243012
118337
61288
95361
386763
20738
386764
333386
333387
63246
151219
411042
595646
619014
268693
18364
110537
389276
112281
480682
480686
480683
480692
480685
529455
338259
138113
138111
60446
178610
42851
42852
68227
68226
68229
68225
68228
118701
49330
181933
125415
480737
83509
151848
408834
331968
577439
424778
661707
399666
72066
107270
78490
72507
17737
594456
393469
60457
463924
403356
249937
249938
648581
429919
112264
71480
76430
63607
220371
387890
62175
76380
393715
399878
498750
498751
498728
138114
265447
480766
480742
115921
522576
428892
213056
32866
32867
32865
340362
340357
340356
340355
161240
161239
479890
16459
219556
