606962
606964
606965
606967
176817
550908
51743
209792
330296
444163
51746
103169
648522
529846
461314
594784
425663
15390
58977
463915
21312
169834
195411
196645
433880
57733
57731
622879
117592
424687
241906
241894
241902
241898
241889
241891
241893
241904
241907
241899
241905
241909
241910
241908
241900
241895
241897
241890
241903
241901
57729
201655
392124
337272
413369
581005
411059
275518
267930
467988
411538
394768
256582
235759
68698
342658
557368
645628
17274
17275
427130
52321
55205
24372
57587
49331
377039
377031
377038
377036
377056
377055
377054
377022
377023
377028
377027
377025
377058
77107
77098
108167
181934
668794
668795
668796
668797
453736
243012
118337
61288
95361
695710
695721
695717
386763
20738
386764
333386
333387
691731
412060
566013
408965
412055
696750
408779
368455
63246
151219
452709
443217
443215
393319
411021
411042
449483
595646
120347
454846
154399
231893
619014
662874
557361
98949
268693
18364
110537
64596
389276
389277
430716
145594
489447
112281
171458
342966
480682
480686
480683
480692
480685
529455
338259
138113
138111
60446
178610
42851
42852
68227
68226
68229
68225
68228
462013
118701
49330
181933
125415
450207
160131
160130
480737
83509
151848
408834
331968
366773
577439
424778
508750
361376
391290
661707
484737
484743
387238
367077
399666
74439
72066
107270
78490
72507
17737
410888
414864
594456
31665
194464
367051
362954
393469
407691
130327
88242
23116
461565
173490
688748
116310
593224
593237
60457
615838
613868
430816
76779
463924
683023
84566
155419
655843
403356
249937
249938
655839
437659
371770
404367
655840
160134
648581
429919
522236
112264
484736
69258
23573
71480
20510
367271
579148
579153
579178
579187
579190
579191
579192
579194
579196
579202
579203
579204
579155
579193
579195
579151
579200
579152
579139
579158
579182
579188
579140
579141
579142
579145
579146
579147
579149
579156
579159
579160
579162
579183
579184
579185
579186
579189
579138
579144
579180
579143
579163
579179
579150
579181
579157
579161
579164
579165
579166
579167
346962
76430
63607
627215
65143
163582
351626
101263
592903
424977
220371
131261
31178
75374
38532
38253
38434
38252
666786
387890
62175
76380
508749
393715
560414
560413
606949
399878
509706
498750
498751
498728
542514
133905
133903
133904
133902
109125
76680
676109
260170
259918
653591
698146
275204
641756
138114
367067
164436
164438
265447
480766
480742
115921
160141
160146
160136
160135
160137
160138
553
71481
611167
131346
611166
23563
242848
212238
347722
493132
213725
160133
346296
164437
164435
482154
522576
38265
394522
417171
394521
428892
381319
89415
89414
450294
220591
220604
213055
213056
32866
616211
32867
32865
161586
161587
161588
340362
340357
340356
340355
38534
38448
417170
417168
429173
484976
110845
96710
220537
235420
176772
328397
161240
161239
534747
160144
73087
71482
479890
380072
607164
119001
16459
21143
23059
184371
219556
200845
318761
345042
366991
220427
190534
190533
190532
190538
190539
190535
190536
190537
190531
417172
644225
384536
469414
5568
157669
157670
184369
184370
207901
417169
652268
103120
387539
514420
353765
16793
410838
666785
666787
666864
666849
666796
666802
666793
666794
666795
666801
666788
666805
666810
666816
666817
666819
666821
666818
666815
666807
666808
666806
666820
666809
666841
666850
666840
666843
666844
666846
666822
666842
666845
666851
666837
666848
666865
666852
666862
666858
666860
666853
666855
666856
666857
666863
666854
666859
666838
666804
666839
666797
666866
666861
666789
666803
556743
246417
