118129
254345
254350
517626
517628
517624
517627
517625
381573
556447
556448
556446
556441
556449
556431
556435
556433
556438
556430
556426
556432
200765
200766
200771
200772
200775
200777
200778
200734
200736
200737
200739
200740
200748
200749
200750
200753
200754
200755
200758
200763
200743
200773
200776
200742
200744
200779
200732
200735
200738
200745
200746
200747
200751
200752
200756
200757
200760
200759
200762
200764
200761
200769
200767
200768
200770
200774
200741
200733
140684
140665
140676
140681
140648
140652
140659
140661
140671
140674
140690
140683
140686
140687
140691
140679
140688
140680
140658
140656
140649
140654
140653
140677
140689
140644
140647
140650
140651
140655
140657
140660
140645
140663
140667
140675
140678
140664
140682
140672
140673
140692
140668
140685
140669
140670
140666
140646
135992
135993
136010
136008
136009
136012
136014
136016
136019
136044
135954
135978
136013
136041
135963
135968
136046
136027
136036
136043
135990
135964
136033
136020
136023
136005
136021
136025
136028
136030
136031
135971
135970
135994
135982
135962
135956
136039
136003
136024
135951
135957
135972
135975
135979
135983
135986
135989
136038
136042
136047
136049
135965
135967
136002
135985
135960
135947
135949
135952
135961
135980
135991
135953
135981
136032
136034
136048
135948
136006
136007
136011
136015
136017
136018
135950
135955
135958
135959
135966
135969
135974
135976
135977
135984
136029
136040
136022
136045
136004
136026
135973
135987
136035
136037
135988
136153
136154
136159
136163
136169
136172
136174
136175
136181
136186
136187
136188
136189
136195
136202
136205
136208
136209
136212
136227
136223
136225
136228
136230
136235
136240
136243
136246
136171
136173
136152
136232
136238
136197
136231
136219
136199
136214
136224
136239
136185
136234
136244
136161
136165
136158
136190
136193
136196
136156
136167
136179
136183
136184
136236
136237
136241
136242
136155
136162
136166
136177
136157
136160
136164
136168
136176
136178
136180
136182
136194
136198
136203
136206
136201
136233
136245
136200
136204
136207
136210
136211
136213
136215
136216
136218
136221
136222
136226
136229
136191
136170
136192
136217
136247
136057
136064
136068
136073
136082
136080
136084
136085
136091
136095
136097
136099
136100
136063
136070
136075
136092
136072
136077
136071
136066
136056
136101
136096
136058
136088
136065
136061
136076
136059
136055
136060
136067
136069
136074
136079
136081
136086
136087
136090
136093
136094
136098
136102
136062
136083
136089
136078
369252
34117
365403
375584
110841
375497
375501
375505
375508
375509
375510
375517
375524
375525
375495
375512
375499
375506
375516
375514
375515
375526
375528
375513
375527
375500
375502
375507
375498
375504
375493
375503
375518
375523
375496
375494
375511
375520
375519
375521
375522
373428
373422
373425
373426
373429
373424
373427
373423
205975
222238
222239
222288
222289
222269
222240
222241
222242
222243
222244
222245
222246
222247
222248
222249
222250
222251
222253
222254
222255
222256
222257
222258
222259
222260
222261
222262
222263
222264
222265
222266
222267
222268
222270
222271
222272
222273
222274
222275
222276
222277
222278
222279
222280
222281
222282
222283
222284
222285
222286
222287
222290
222291
222293
222294
222295
222296
222297
222298
222252
222292
683254
683256
683255
