467882
459992
263123
340917
378223
237713
237717
237716
237712
237710
237708
237711
237715
237706
237714
237707
425536
653339
522327
522328
522329
422816
455860
126547
533086
463751
495526
387438
153213
153212
153210
153221
153211
153219
528866
528867
528863
528862
153220
153218
153205
393043
640960
124898
124903
124905
124906
124895
103584
103586
103583
103582
34909
34908
34907
612777
91898
581292
33783
33781
33787
33779
33788
33786
33780
33778
33789
33785
33784
33782
564666
594161
628268
697494
410024
584587
468849
29716
9299
378265
218839
592803
550374
572534
594016
529949
194964
38174
563031
501291
138108
194283
172875
330046
463202
29679
361331
56164
167130
3977
395901
8731
420409
476948
447920
266753
330054
182351
253886
123305
330056
330052
330053
330048
330047
330050
330055
330049
330051
501292
194284
209676
209675
676958
9302
135369
209685
97999
628249
23441
264823
266891
398238
557674
29718
68386
62502
62235
144144
339487
200308
392972
611990
330073
330070
467880
531134
655558
655530
115833
172982
265775
192765
663267
24756
485845
22684
467882
340917
378223
237713
237717
237716
237712
237710
237708
237711
237715
237706
237714
237707
425536
653339
522327
522328
522329
422816
455860
126547
533086
495526
202169
153213
153212
153210
153221
153211
153219
528866
528867
528863
528862
153220
153218
153205
393043
640960
124898
124903
124905
124906
124895
103584
103586
103583
103582
34909
34908
34907
612777
91898
581292
33783
33781
33787
33779
33788
33786
33780
33778
33789
33785
33784
33782
564666
594161
628268
697494
410024
584587
9299
378265
592803
550374
572534
594016
529949
194964
563031
501291
138108
194283
172875
330046
463202
29679
361331
56164
167130
3977
395901
8731
420409
476948
447920
266753
330054
182351
253886
123305
330056
330052
330053
330048
330047
330050
330055
330049
330051
501292
194284
676958
9302
135369
97999
628249
23441
264823
266891
68386
62235
144144
339487
200308
392972
330073
330070
467880
531134
655558
655530
115833
172982
265775
192765
663267
24756
485845
22684
