467882
459992
340917
378223
237713
237717
237716
237712
237710
237708
237711
237715
237706
237714
237707
425536
653339
422816
126547
533086
153213
153212
153210
153211
153219
528867
640960
103584
103586
103583
34908
612777
91898
581292
33783
33781
33787
33779
33788
33786
33780
33778
33789
33785
33784
33782
564666
594161
628268
697494
410024
584587
468849
29716
378265
218839
592803
572534
529949
194964
501291
138108
194283
56164
3977
420409
447920
266753
182351
123305
501292
194284
209676
676958
135369
97999
23441
264823
266891
398238
29718
62235
144144
339487
392972
611990
531134
655558
655530
192765
22684
467882
340917
378223
237713
237717
237716
237712
237710
237708
237711
237715
237706
237714
237707
425536
653339
422816
126547
533086
153213
153212
153210
153211
153219
528867
640960
103584
103586
103583
34908
612777
91898
581292
33783
33781
33787
33779
33788
33786
33780
33778
33789
33785
33784
33782
564666
594161
628268
697494
410024
584587
378265
592803
572534
529949
194964
501291
138108
194283
56164
3977
420409
447920
266753
182351
123305
501292
194284
676958
135369
97999
23441
264823
266891
62235
144144
339487
392972
531134
655558
655530
192765
22684
