467882
221085
459992
263123
340917
378223
389768
237713
237717
237716
237712
237710
237708
237711
237715
237706
237714
237709
237707
425536
499049
653339
522327
522328
522329
557669
422816
455860
126547
533086
463751
495526
387438
153213
153212
153210
153221
153211
153219
177464
528866
528867
528864
528863
528862
153220
153218
153205
393043
60234
640960
124898
124903
124905
124906
124895
103585
103584
103586
103581
103583
103582
34909
34908
34907
671929
612777
91898
581292
33783
33775
33776
33781
33787
33777
33779
33788
33786
33780
33778
33789
33785
33784
33782
594013
121755
121759
564666
121756
178441
594161
370183
628268
697494
33598
422573
410024
514157
584587
468849
29716
9299
91899
378265
268156
218839
592803
554555
550374
572534
594016
334025
529949
194964
522199
38174
522196
522198
448657
563031
522197
501291
138108
194283
172875
330046
463202
29679
361331
56164
167130
64086
64072
3977
471710
395901
523702
8731
420409
476948
44827
447920
266753
67360
330054
182351
253886
123305
330056
330052
330053
330048
330047
330050
330055
330049
330051
345174
501292
194284
209676
209675
676958
9302
8358
135369
209685
209679
209680
97999
628249
23441
264823
266891
398238
33599
557674
431111
29718
68386
62502
62235
144144
686861
88781
339487
653682
200308
392972
611990
557670
178030
687435
330067
330073
330069
330074
330068
330070
467880
531134
655558
655530
115833
172982
265775
192765
663267
24756
485845
22684
396858
467882
340917
378223
389768
237713
237717
237716
237712
237710
237708
237711
237715
237706
237714
237709
237707
425536
499049
653339
522327
522328
522329
422816
455860
126547
533086
495526
202169
153213
153212
153210
153221
153211
153219
177464
528866
528867
528864
528863
528862
153220
153218
153205
393043
60234
640960
124898
124903
124905
124906
124895
103585
103584
103586
103581
103583
103582
34909
34908
34907
671929
612777
91898
581292
33783
33775
33776
33781
33787
33777
33779
33788
33786
33780
33778
33789
33785
33784
33782
121755
121759
564666
121756
178441
594161
370183
628268
697494
33598
410024
514157
584587
9299
91899
378265
268156
592803
554555
550374
572534
594016
334025
529949
194964
522199
522196
522198
448657
563031
522197
501291
138108
194283
172875
330046
463202
29679
361331
56164
167130
64086
64072
3977
471710
395901
523702
8731
420409
476948
44827
447920
266753
67360
330054
182351
253886
123305
330056
330052
330053
330048
330047
330050
330055
330049
330051
345174
501292
194284
676958
9302
8358
135369
97999
628249
23441
264823
266891
33599
431111
68386
62235
144144
686861
88781
339487
653682
200308
392972
178030
687435
330067
330073
330069
330074
330068
330070
467880
531134
655558
655530
115833
172982
265775
192765
663267
24756
485845
22684
396858
